  0
SECTION
  2
HEADER
  9
$ACADVER
  1
AC1014
  9
$ACADMAINTVER
 70
     9
  9
$DWGCODEPAGE
  3
ANSI_1252
  9
$INSBASE
 10
0.0
 20
0.0
 30
0.0
  9
$EXTMIN
 10
1.000000000000000E+20
 20
1.000000000000000E+20
 30
1.000000000000000E+20
  9
$EXTMAX
 10
-1.000000000000000E+20
 20
-1.000000000000000E+20
 30
-1.000000000000000E+20
  9
$LIMMIN
 10
0.0
 20
0.0
  9
$LIMMAX
 10
12.0
 20
9.0
  9
$ORTHOMODE
 70
     0
  9
$REGENMODE
 70
     1
  9
$FILLMODE
 70
     1
  9
$QTEXTMODE
 70
     0
  9
$MIRRTEXT
 70
     1
  9
$DRAGMODE
 70
     2
  9
$LTSCALE
 40
1.0
  9
$OSMODE
 70
    37
  9
$ATTMODE
 70
     1
  9
$TEXTSIZE
 40
0.2
  9
$TRACEWID
 40
0.05
  9
$TEXTSTYLE
  7
STANDARD
  9
$CLAYER
  8
0
  9
$CELTYPE
  6
BYLAYER
  9
$CECOLOR
 62
   256
  9
$CELTSCALE
 40
1.0
  9
$DELOBJ
 70
     1
  9
$DISPSILH
 70
     0
  9
$DIMSCALE
 40
1.0
  9
$DIMASZ
 40
0.18
  9
$DIMEXO
 40
0.0625
  9
$DIMDLI
 40
0.38
  9
$DIMRND
 40
0.0
  9
$DIMDLE
 40
0.0
  9
$DIMEXE
 40
0.18
  9
$DIMTP
 40
0.0
  9
$DIMTM
 40
0.0
  9
$DIMTXT
 40
0.18
  9
$DIMCEN
 40
0.09
  9
$DIMTSZ
 40
0.0
  9
$DIMTOL
 70
     0
  9
$DIMLIM
 70
     0
  9
$DIMTIH
 70
     1
  9
$DIMTOH
 70
     1
  9
$DIMSE1
 70
     0
  9
$DIMSE2
 70
     0
  9
$DIMTAD
 70
     0
  9
$DIMZIN
 70
     0
  9
$DIMBLK
  1

  9
$DIMASO
 70
     1
  9
$DIMSHO
 70
     1
  9
$DIMPOST
  1

  9
$DIMAPOST
  1

  9
$DIMALT
 70
     0
  9
$DIMALTD
 70
     2
  9
$DIMALTF
 40
25.4
  9
$DIMLFAC
 40
1.0
  9
$DIMTOFL
 70
     0
  9
$DIMTVP
 40
0.0
  9
$DIMTIX
 70
     0
  9
$DIMSOXD
 70
     0
  9
$DIMSAH
 70
     0
  9
$DIMBLK1
  1

  9
$DIMBLK2
  1

  9
$DIMSTYLE
  2
STANDARD
  9
$DIMCLRD
 70
     0
  9
$DIMCLRE
 70
     0
  9
$DIMCLRT
 70
     0
  9
$DIMTFAC
 40
1.0
  9
$DIMGAP
 40
0.09
  9
$DIMJUST
 70
     0
  9
$DIMSD1
 70
     0
  9
$DIMSD2
 70
     0
  9
$DIMTOLJ
 70
     1
  9
$DIMTZIN
 70
     0
  9
$DIMALTZ
 70
     0
  9
$DIMALTTZ
 70
     0
  9
$DIMFIT
 70
     3
  9
$DIMUPT
 70
     0
  9
$DIMUNIT
 70
     2
  9
$DIMDEC
 70
     4
  9
$DIMTDEC
 70
     4
  9
$DIMALTU
 70
     2
  9
$DIMALTTD
 70
     2
  9
$DIMTXSTY
  7
STANDARD
  9
$DIMAUNIT
 70
     0
  9
$LUNITS
 70
     2
  9
$LUPREC
 70
     4
  9
$SKETCHINC
 40
0.1
  9
$FILLETRAD
 40
0.5
  9
$AUNITS
 70
     0
  9
$AUPREC
 70
     0
  9
$MENU
  1
.
  9
$ELEVATION
 40
0.0
  9
$PELEVATION
 40
0.0
  9
$THICKNESS
 40
0.0
  9
$LIMCHECK
 70
     0
  9
$CHAMFERA
 40
0.5
  9
$CHAMFERB
 40
0.5
  9
$CHAMFERC
 40
1.0
  9
$CHAMFERD
 40
0.0
  9
$SKPOLY
 70
     0
  9
$TDCREATE
 40
2454438.973342662
  9
$TDUPDATE
 40
2454438.973342673
  9
$TDINDWG
 40
0.0000000116
  9
$TDUSRTIMER
 40
0.0000000116
  9
$USRTIMER
 70
     1
  9
$ANGBASE
 50
0.0
  9
$ANGDIR
 70
     0
  9
$PDMODE
 70
     0
  9
$PDSIZE
 40
0.0
  9
$PLINEWID
 40
0.0
  9
$COORDS
 70
     1
  9
$SPLFRAME
 70
     0
  9
$SPLINETYPE
 70
     6
  9
$SPLINESEGS
 70
     8
  9
$ATTDIA
 70
     0
  9
$ATTREQ
 70
     1
  9
$HANDLING
 70
     1
  9
$HANDSEED
  5
1DA
  9
$SURFTAB1
 70
     6
  9
$SURFTAB2
 70
     6
  9
$SURFTYPE
 70
     6
  9
$SURFU
 70
     6
  9
$SURFV
 70
     6
  9
$UCSNAME
  2

  9
$UCSORG
 10
0.0
 20
0.0
 30
0.0
  9
$UCSXDIR
 10
1.0
 20
0.0
 30
0.0
  9
$UCSYDIR
 10
0.0
 20
1.0
 30
0.0
  9
$PUCSNAME
  2

  9
$PUCSORG
 10
0.0
 20
0.0
 30
0.0
  9
$PUCSXDIR
 10
1.0
 20
0.0
 30
0.0
  9
$PUCSYDIR
 10
0.0
 20
1.0
 30
0.0
  9
$USERI1
 70
     0
  9
$USERI2
 70
     0
  9
$USERI3
 70
     0
  9
$USERI4
 70
     0
  9
$USERI5
 70
     0
  9
$USERR1
 40
0.0
  9
$USERR2
 40
0.0
  9
$USERR3
 40
0.0
  9
$USERR4
 40
0.0
  9
$USERR5
 40
0.0
  9
$WORLDVIEW
 70
     1
  9
$SHADEDGE
 70
     3
  9
$SHADEDIF
 70
    70
  9
$TILEMODE
 70
     1
  9
$MAXACTVP
 70
    64
  9
$PINSBASE
 10
0.0
 20
0.0
 30
0.0
  9
$PLIMCHECK
 70
     0
  9
$PEXTMIN
 10
1.000000000000000E+20
 20
1.000000000000000E+20
 30
1.000000000000000E+20
  9
$PEXTMAX
 10
-1.000000000000000E+20
 20
-1.000000000000000E+20
 30
-1.000000000000000E+20
  9
$PLIMMIN
 10
0.0
 20
0.0
  9
$PLIMMAX
 10
12.0
 20
9.0
  9
$UNITMODE
 70
     0
  9
$VISRETAIN
 70
     1
  9
$PLINEGEN
 70
     0
  9
$PSLTSCALE
 70
     1
  9
$TREEDEPTH
 70
  3020
  9
$PICKSTYLE
 70
     1
  9
$CMLSTYLE
  2
STANDARD
  9
$CMLJUST
 70
     0
  9
$CMLSCALE
 40
1.0
  9
$PROXYGRAPHICS
 70
     1
  9
$MEASUREMENT
 70
     0
  0
ENDSEC
  0
SECTION
  2
CLASSES
  0
CLASS
  1
ACDBDICTIONARYWDFLT
  2
AcDbDictionaryWithDefault
  3
ObjectDBX Classes
 90
        0
280
     0
281
     0
  0
CLASS
  1
TABLESTYLE
  2
AcDbTableStyle
  3
ObjectDBX Classes
 90
     2047
280
     0
281
     0
  0
CLASS
  1
DICTIONARYVAR
  2
AcDbDictionaryVar
  3
ObjectDBX Classes
 90
        0
280
     0
281
     0
  0
CLASS
  1
XRECORD
  2
AcDbXrecord
  3
AutoCAD 2000
 90
        0
280
     0
281
     0
  0
CLASS
  1
LWPOLYLINE
  2
AcDbPolyline
  3
AutoCAD 2000
 90
        0
280
     0
281
     1
  0
CLASS
  1
HATCH
  2
AcDbHatch
  3
AutoCAD 2000
 90
        0
280
     0
281
     1
  0
CLASS
  1
ACDBPLACEHOLDER
  2
AcDbPlaceHolder
  3
ObjectDBX Classes
 90
        0
280
     0
281
     0
  0
CLASS
  1
LAYOUT
  2
AcDbLayout
  3
ObjectDBX Classes
 90
        0
280
     0
281
     0
  0
ENDSEC
  0
SECTION
  2
TABLES
  0
TABLE
  2
VPORT
  5
8
330
0
100
AcDbSymbolTable
 70
     2
  0
VPORT
  5
29
102
{ACAD_XDICTIONARY
360
1D8
102
}
330
8
100
AcDbSymbolTableRecord
100
AcDbViewportTableRecord
  2
*ACTIVE
 70
     0
 10
0.0
 20
0.0
 11
1.0
 21
1.0
 12
0.0
 22
0.0
 13
0.0
 23
0.0
 14
0.5
 24
0.5
 15
0.5
 25
0.5
 16
0.0
 26
0.0
 36
1.0
 17
0.0
 27
0.0
 37
-1000.0
 40
1946.801373071463
 41
1.385727190605239
 42
50.0
 43
1733.600364794577
 44
2146.788941010282
 50
0.0
 51
0.0
 71
     0
 72
   100
 73
     1
 74
     3
 75
     0
 76
     0
 77
     0
 78
     0
  0
ENDTAB
  0
TABLE
  2
LTYPE
  5
5
330
0
100
AcDbSymbolTable
 70
     1
  0
LTYPE
  5
14
330
5
100
AcDbSymbolTableRecord
100
AcDbLinetypeTableRecord
  2
BYBLOCK
 70
     0
  3

 72
    65
 73
     0
 40
0.0
  0
LTYPE
  5
15
330
5
100
AcDbSymbolTableRecord
100
AcDbLinetypeTableRecord
  2
BYLAYER
 70
     0
  3

 72
    65
 73
     0
 40
0.0
  0
LTYPE
  5
16
330
5
100
AcDbSymbolTableRecord
100
AcDbLinetypeTableRecord
  2
CONTINUOUS
 70
     0
  3
Solid line
 72
    65
 73
     0
 40
0.0
  0
ENDTAB
  0
TABLE
  2
LAYER
  5
2
330
0
100
AcDbSymbolTable
 70
     3
  0
LAYER
  5
10
330
2
100
AcDbSymbolTableRecord
100
AcDbLayerTableRecord
  2
0
 70
     0
 62
     7
  6
CONTINUOUS
  0
LAYER
  5
2E
330
2
100
AcDbSymbolTableRecord
100
AcDbLayerTableRecord
  2
PROFILEEDGES
 70
     0
 62
     7
  6
CONTINUOUS
  0
LAYER
  5
2F
330
2
100
AcDbSymbolTableRecord
100
AcDbLayerTableRecord
  2
SECTIONCUTEDGES
 70
     0
 62
     7
  6
CONTINUOUS
  0
ENDTAB
  0
TABLE
  2
STYLE
  5
3
330
0
100
AcDbSymbolTable
 70
     1
  0
STYLE
  5
11
330
3
100
AcDbSymbolTableRecord
100
AcDbTextStyleTableRecord
  2
STANDARD
 70
     0
 40
0.0
 41
1.0
 50
0.0
 71
     0
 42
0.2
  3
txt
  4

  0
ENDTAB
  0
TABLE
  2
VIEW
  5
6
330
0
100
AcDbSymbolTable
 70
     0
  0
ENDTAB
  0
TABLE
  2
UCS
  5
7
330
0
100
AcDbSymbolTable
 70
     0
  0
ENDTAB
  0
TABLE
  2
APPID
  5
9
330
0
100
AcDbSymbolTable
 70
     1
  0
APPID
  5
12
330
9
100
AcDbSymbolTableRecord
100
AcDbRegAppTableRecord
  2
ACAD
 70
     0
  0
ENDTAB
  0
TABLE
  2
DIMSTYLE
  5
A
330
0
100
AcDbSymbolTable
 70
     1
  0
DIMSTYLE
105
27
330
A
100
AcDbSymbolTableRecord
100
AcDbDimStyleTableRecord
  2
STANDARD
 70
     0
  3

  4

  5

  6

  7

 40
1.0
 41
0.18
 42
0.0625
 43
0.38
 44
0.18
 45
0.0
 46
0.0
 47
0.0
 48
0.0
140
0.18
141
0.09
142
0.0
143
25.4
144
1.0
145
0.0
146
1.0
147
0.09
 71
     0
 72
     0
 73
     1
 74
     1
 75
     0
 76
     0
 77
     0
 78
     0
170
     0
171
     2
172
     0
173
     0
174
     0
175
     0
176
     0
177
     0
178
     0
270
     2
271
     4
272
     4
273
     2
274
     2
340
11
275
     0
280
     0
281
     0
282
     0
283
     1
284
     0
285
     0
286
     0
287
     3
288
     0
  0
ENDTAB
  0
TABLE
  2
BLOCK_RECORD
  5
1
330
0
100
AcDbSymbolTable
 70
     1
  0
BLOCK_RECORD
  5
1F
330
1
100
AcDbSymbolTableRecord
100
AcDbBlockTableRecord
  2
*MODEL_SPACE
  0
BLOCK_RECORD
  5
1B
330
1
100
AcDbSymbolTableRecord
100
AcDbBlockTableRecord
  2
*PAPER_SPACE
  0
ENDTAB
  0
ENDSEC
  0
SECTION
  2
BLOCKS
  0
BLOCK
  5
20
330
1F
100
AcDbEntity
  8
0
100
AcDbBlockBegin
  2
*MODEL_SPACE
 70
     0
 71
     0
 10
0.0
 20
0.0
 30
0.0
  3
*MODEL_SPACE
  1

  0
ENDBLK
  5
21
330
1F
100
AcDbEntity
  8
0
100
AcDbBlockEnd
  0
BLOCK
  5
1C
330
1B
100
AcDbEntity
 67
     1
  8
0
100
AcDbBlockBegin
  2
*PAPER_SPACE
 70
     0
 71
     0
 10
0.0
 20
0.0
 30
0.0
  3
*PAPER_SPACE
  1

  0
ENDBLK
  5
1D
330
1B
100
AcDbEntity
 67
     1
  8
0
100
AcDbBlockEnd
  0
ENDSEC
  0
SECTION
  2
ENTITIES
  0
LINE
  5
30
330
1F
100
AcDbEntity
  8
0
100
AcDbLine
 10
-311.2587965431176
 20
-423.8228158367219
 30
0.0
 11
-295.9091672711023
 21
-411.4682361787604
 31
0.0
  0
LINE
  5
31
330
1F
100
AcDbEntity
  8
0
100
AcDbLine
 10
-326.6084258151292
 20
-411.4682361787615
 30
0.0
 11
-311.2587965431176
 21
-423.8228158367219
 31
0.0
  0
LINE
  5
32
330
1F
100
AcDbEntity
  8
0
100
AcDbLine
 10
-295.9091672711023
 20
-411.4682361787604
 30
0.0
 11
-280.5595379990912
 21
-423.8228158367218
 31
0.0
  0
LINE
  5
33
330
1F
100
AcDbEntity
  8
0
100
AcDbLine
 10
-257.1863248222663
 20
146.0796965564384
 30
0.0
 11
-263.1863248222651
 21
146.0796965564386
 31
0.0
  0
LINE
  5
34
330
1F
100
AcDbEntity
  8
0
100
AcDbLine
 10
-263.1863248222651
 20
146.0796965564386
 30
0.0
 11
-263.1863248222651
 21
116.0796965564384
 31
0.0
  0
LINE
  5
35
330
1F
100
AcDbEntity
  8
0
100
AcDbLine
 10
-257.1863248222663
 20
116.0796965564382
 30
0.0
 11
-263.1863248222651
 21
116.0796965564384
 31
0.0
  0
LINE
  5
36
330
1F
100
AcDbEntity
  8
0
100
AcDbLine
 10
-257.1863248222652
 20
-14.82871893695947
 30
0.0
 11
-263.186324822266
 21
-14.82871893695929
 31
0.0
  0
LINE
  5
37
330
1F
100
AcDbEntity
  8
0
100
AcDbLine
 10
-263.186324822266
 20
-14.82871893695929
 30
0.0
 11
-263.186324822266
 21
-44.82871893695869
 31
0.0
  0
LINE
  5
38
330
1F
100
AcDbEntity
  8
0
100
AcDbLine
 10
-263.186324822266
 20
-44.82871893695869
 30
0.0
 11
-257.1863248222652
 21
-44.82871893695887
 31
0.0
  0
LINE
  5
39
330
1F
100
AcDbEntity
  8
0
100
AcDbLine
 10
-257.4135923467273
 20
-175.7371344303603
 30
0.0
 11
-262.9590572978039
 21
-175.7371344303603
 31
0.0
  0
LINE
  5
3A
330
1F
100
AcDbEntity
  8
0
100
AcDbLine
 10
-262.9590572978039
 20
-175.7371344303603
 30
0.0
 11
-262.9590572978039
 21
-202.6633636892983
 31
0.0
  0
LINE
  5
3B
330
1F
100
AcDbEntity
  8
0
100
AcDbLine
 10
-257.4135923467273
 20
-202.6633636892983
 30
0.0
 11
-262.9590572978039
 21
-202.6633636892983
 31
0.0
  0
LINE
  5
3C
330
1F
100
AcDbEntity
  8
0
100
AcDbLine
 10
-274.9742313584655
 20
-229.589592948241
 30
0.0
 11
-245.3984182860661
 21
-229.589592948241
 31
0.0
  0
LINE
  5
3D
330
1F
100
AcDbEntity
  8
0
100
AcDbLine
 10
-620.5100014787469
 20
-229.5895929482384
 30
0.0
 11
-375.5707902515317
 21
-13.70764323951713
 31
0.0
  0
LINE
  5
3E
330
1F
100
AcDbEntity
  8
0
100
AcDbLine
 10
-375.5707902515317
 20
-13.70764323951711
 30
0.0
 11
-360.6436834616698
 21
136.6340026761357
 31
0.0
  0
LINE
  5
3F
330
1F
100
AcDbEntity
  8
0
100
AcDbLine
 10
-360.6436834616698
 20
136.6340026761356
 30
0.0
 11
-307.7776307859003
 21
185.5008061098461
 31
0.0
  0
LINE
  5
40
330
1F
100
AcDbEntity
  8
0
100
AcDbLine
 10
-291.3663818410248
 20
188.5008061098474
 30
0.0
 11
-291.3663818410248
 21
182.5008061098459
 31
0.0
  0
LINE
  5
41
330
1F
100
AcDbEntity
  8
0
100
AcDbLine
 10
-291.3663818410248
 20
182.5008061098459
 30
0.0
 11
-272.8814986707771
 21
182.5008061098459
 31
0.0
  0
LINE
  5
42
330
1F
100
AcDbEntity
  8
0
100
AcDbLine
 10
-272.8814986707771
 20
188.5008061098474
 30
0.0
 11
-272.8814986707771
 21
182.5008061098459
 31
0.0
  0
LINE
  5
43
330
1F
100
AcDbEntity
  8
0
100
AcDbLine
 10
-364.2525928249193
 20
-147.9996528715946
 30
0.0
 11
-364.2525928249193
 21
-175.7269776269657
 31
0.0
  0
LINE
  5
44
330
1F
100
AcDbEntity
  8
0
100
AcDbLine
 10
-370.2525928249185
 20
-175.7269776269657
 30
0.0
 11
-370.2525928249185
 21
-147.9996528715946
 31
0.0
  0
LINE
  5
45
330
1F
100
AcDbEntity
  8
0
100
AcDbLine
 10
-364.2525928249193
 20
-80.25322265241144
 30
0.0
 11
-364.2525928249193
 21
-52.52589789704084
 31
0.0
  0
LINE
  5
46
330
1F
100
AcDbEntity
  8
0
100
AcDbLine
 10
-370.2525928249185
 20
-80.25322265241144
 30
0.0
 11
-370.2525928249185
 21
-52.52589789704084
 31
0.0
  0
LINE
  5
47
330
1F
100
AcDbEntity
  8
0
100
AcDbLine
 10
-363.6907243801886
 20
52.53022762132123
 30
0.0
 11
-366.4302422293647
 21
24.93856982328253
 31
0.0
  0
LINE
  5
48
330
1F
100
AcDbEntity
  8
0
100
AcDbLine
 10
-360.4595996142245
 20
24.34575723713854
 30
0.0
 11
-357.7200817650486
 21
51.93741503517615
 31
0.0
  0
LINE
  5
49
330
1F
100
AcDbEntity
  8
0
100
AcDbLine
 10
-350.4801042056932
 20
124.856444689672
 30
0.0
 11
-353.2196220548724
 21
97.26478689163464
 31
0.0
  0
LINE
  5
4A
330
1F
100
AcDbEntity
  8
0
100
AcDbLine
 10
-356.4507468208335
 20
125.4492572758145
 30
0.0
 11
-359.1902646700095
 21
97.85759947777999
 31
0.0
  0
LINE
  5
4B
330
1F
100
AcDbEntity
  8
0
100
AcDbLine
 10
-341.9580550871388
 20
-423.8228158367219
 30
0.0
 11
-326.6084258151292
 21
-411.4682361787615
 31
0.0
  0
LINE
  5
4C
330
1F
100
AcDbEntity
  8
0
100
AcDbLine
 10
-280.5595379990912
 20
-423.8228158367218
 30
0.0
 11
-280.5595366154458
 21
-457.2676689331629
 31
0.0
  0
LINE
  5
4D
330
1F
100
AcDbEntity
  8
0
100
AcDbLine
 10
-280.5595366154458
 20
-457.2676689331629
 30
0.0
 11
-260.1863248222656
 21
-457.2676689331629
 31
0.0
  0
LINE
  5
4E
330
1F
100
AcDbEntity
  8
0
100
AcDbLine
 10
-260.1863248222656
 20
-484.0294777541839
 30
0.0
 11
-311.2587951594725
 21
-516.6074019102421
 31
0.0
  0
LINE
  5
4F
330
1F
100
AcDbEntity
  8
0
100
AcDbLine
 10
-311.2587951594725
 20
-516.6074019102421
 30
0.0
 11
-341.0338188547761
 21
-503.4956096090136
 31
0.0
  0
LINE
  5
50
330
1F
100
AcDbEntity
  8
0
100
AcDbLine
 10
-341.0338188547761
 20
-503.4956096090136
 30
0.0
 11
-410.7380469789812
 21
-562.7051941082791
 31
0.0
  0
LINE
  5
51
330
1F
100
AcDbEntity
  8
0
100
AcDbLine
 10
-410.7380469789812
 20
-562.7051941082791
 30
0.0
 11
-512.4613368938971
 21
-530.6857809682091
 31
0.0
  0
LINE
  5
52
330
1F
100
AcDbEntity
  8
0
100
AcDbLine
 10
-512.4613368938971
 20
-485.1616019289237
 30
0.0
 11
-512.4613368938971
 21
-530.6857809682091
 31
0.0
  0
LINE
  5
53
330
1F
100
AcDbEntity
  8
0
100
AcDbLine
 10
-512.4613368938971
 20
-485.1616019289237
 30
0.0
 11
-482.2527754526058
 21
-457.2676689331629
 31
0.0
  0
LINE
  5
54
330
1F
100
AcDbEntity
  8
0
100
AcDbLine
 10
-341.9580627942477
 20
-457.2676689331629
 30
0.0
 11
-482.2527754526058
 21
-457.2676689331629
 31
0.0
  0
LINE
  5
55
330
1F
100
AcDbEntity
  8
0
100
AcDbLine
 10
-482.2527754526058
 20
-457.2676689331629
 30
0.0
 11
-406.640423124786
 21
-387.4488563563647
 31
0.0
  0
LINE
  5
56
330
1F
100
AcDbEntity
  8
0
100
AcDbLine
 10
-576.7600184804086
 20
-330.7423245711586
 30
0.0
 11
-620.5100014787469
 21
-291.4414923862092
 31
0.0
  0
LINE
  5
57
330
1F
100
AcDbEntity
  8
0
100
AcDbLine
 10
-620.5100014787469
 20
-229.5895929482384
 30
0.0
 11
-620.5100014787469
 21
-291.4414923862092
 31
0.0
  0
LINE
  5
58
330
1F
100
AcDbEntity
  8
0
100
AcDbLine
 10
-274.9742313584655
 20
-229.589592948241
 30
0.0
 11
-274.9742313584655
 21
-236.9835462163404
 31
0.0
  0
LINE
  5
59
330
1F
100
AcDbEntity
  8
0
100
AcDbLine
 10
-274.9742313584655
 20
-236.9835462163404
 30
0.0
 11
-273.5878651206969
 21
-236.9835462163404
 31
0.0
  0
LINE
  5
5A
330
1F
100
AcDbEntity
  8
0
100
AcDbLine
 10
-273.5878651206969
 20
-236.9835462163404
 30
0.0
 11
-273.5878651206969
 21
-256.3926735451012
 31
0.0
  0
LINE
  5
5B
330
1F
100
AcDbEntity
  8
0
100
AcDbLine
 10
-273.5878651206969
 20
-256.3926735451012
 30
0.0
 11
-340.1863248222667
 21
-256.3926735451012
 31
0.0
  0
LINE
  5
5C
330
1F
100
AcDbEntity
  8
0
100
AcDbLine
 10
-340.1863248222667
 20
-296.3926735451017
 30
0.0
 11
-340.1863248222667
 21
-256.3926735451012
 31
0.0
  0
LINE
  5
5D
330
1F
100
AcDbEntity
  8
0
100
AcDbLine
 10
-340.1863248222667
 20
-296.3926735451017
 30
0.0
 11
-180.1863248222644
 21
-296.3926735451017
 31
0.0
  0
LINE
  5
5E
330
1F
100
AcDbEntity
  8
0
100
AcDbLine
 10
-357.1431656376775
 20
-249.4117322309577
 30
0.0
 11
-357.1431633309868
 21
-230.9268490607131
 31
0.0
  0
LINE
  5
5F
330
1F
100
AcDbEntity
  8
0
100
AcDbLine
 10
-364.2525928249193
 20
-356.9390728316011
 30
0.0
 11
-364.2525928249193
 21
-384.666397586975
 31
0.0
  0
LINE
  5
60
330
1F
100
AcDbEntity
  8
0
100
AcDbLine
 10
-370.2525928249185
 20
-384.6663975869739
 30
0.0
 11
-370.2525928249185
 21
-356.9390728316011
 31
0.0
  0
LINE
  5
61
330
1F
100
AcDbEntity
  8
0
100
AcDbLine
 10
-364.2525928249193
 20
-246.4712545050989
 30
0.0
 11
-364.2525928249193
 21
-274.1985792604724
 31
0.0
  0
LINE
  5
62
330
1F
100
AcDbEntity
  8
0
100
AcDbLine
 10
-370.2525928249185
 20
-274.1985792604705
 30
0.0
 11
-370.2525928249185
 21
-246.471254505099
 31
0.0
  0
LINE
  5
63
330
1F
100
AcDbEntity
  8
0
100
AcDbLine
 10
-178.4145868502836
 20
-457.2676689331629
 30
0.0
 11
-38.11987419192519
 21
-457.2676689331629
 31
0.0
  0
LINE
  5
64
330
1F
100
AcDbEntity
  8
0
100
AcDbLine
 10
-7.911312750633918
 20
-485.1616019289237
 30
0.0
 11
-38.11987419192519
 21
-457.2676689331629
 31
0.0
  0
LINE
  5
65
330
1F
100
AcDbEntity
  8
0
100
AcDbLine
 10
-7.911312750633918
 20
-485.1616019289237
 30
0.0
 11
-7.911312750633918
 21
-530.6857809682091
 31
0.0
  0
LINE
  5
66
330
1F
100
AcDbEntity
  8
0
100
AcDbLine
 10
-109.63460266555
 20
-562.7051941082791
 30
0.0
 11
-7.911312750633925
 21
-530.6857809682091
 31
0.0
  0
LINE
  5
67
330
1F
100
AcDbEntity
  8
0
100
AcDbLine
 10
-179.3388307897552
 20
-503.4956096090136
 30
0.0
 11
-109.63460266555
 21
-562.7051941082791
 31
0.0
  0
LINE
  5
68
330
1F
100
AcDbEntity
  8
0
100
AcDbLine
 10
-209.1138544850589
 20
-516.6074019102421
 30
0.0
 11
-179.3388307897552
 21
-503.4956096090136
 31
0.0
  0
LINE
  5
69
330
1F
100
AcDbEntity
  8
0
100
AcDbLine
 10
-260.1863248222656
 20
-484.0294777541839
 30
0.0
 11
-209.1138544850589
 21
-516.6074019102421
 31
0.0
  0
LINE
  5
6A
330
1F
100
AcDbEntity
  8
0
100
AcDbLine
 10
-260.1863248222656
 20
-457.2676689331629
 30
0.0
 11
-260.1863248222656
 21
-484.0294777541839
 31
0.0
  0
LINE
  5
6B
330
1F
100
AcDbEntity
  8
0
100
AcDbLine
 10
-239.8131130290856
 20
-457.2676689331629
 30
0.0
 11
-260.1863248222656
 21
-457.2676689331629
 31
0.0
  0
LINE
  5
6C
330
1F
100
AcDbEntity
  8
0
100
AcDbLine
 10
-239.8131116454402
 20
-423.8228158367218
 30
0.0
 11
-239.8131130290856
 21
-457.2676689331629
 31
0.0
  0
LINE
  5
6D
330
1F
100
AcDbEntity
  8
0
100
AcDbLine
 10
-224.463482373429
 20
-411.4682361787604
 30
0.0
 11
-239.8131116454402
 21
-423.8228158367218
 31
0.0
  0
LINE
  5
6E
330
1F
100
AcDbEntity
  8
0
100
AcDbLine
 10
-209.1138531014139
 20
-423.8228158367219
 30
0.0
 11
-224.463482373429
 21
-411.4682361787604
 31
0.0
  0
LINE
  5
6F
330
1F
100
AcDbEntity
  8
0
100
AcDbLine
 10
-193.7642238294023
 20
-411.4682361787615
 30
0.0
 11
-209.1138531014139
 21
-423.8228158367219
 31
0.0
  0
LINE
  5
70
330
1F
100
AcDbEntity
  8
0
100
AcDbLine
 10
-178.4145945573926
 20
-423.8228158367219
 30
0.0
 11
-193.7642238294023
 21
-411.4682361787615
 31
0.0
  0
LINE
  5
71
330
1F
100
AcDbEntity
  8
0
100
AcDbLine
 10
-247.4911509737543
 20
188.5008061098472
 30
0.0
 11
-247.4911509737543
 21
182.5008061098457
 31
0.0
  0
LINE
  5
72
330
1F
100
AcDbEntity
  8
0
100
AcDbLine
 10
-229.0062678035065
 20
182.5008061098457
 30
0.0
 11
-247.4911509737543
 21
182.5008061098457
 31
0.0
  0
LINE
  5
73
330
1F
100
AcDbEntity
  8
0
100
AcDbLine
 10
-229.0062678035065
 20
188.5008061098472
 30
0.0
 11
-229.0062678035065
 21
182.5008061098457
 31
0.0
  0
LINE
  5
74
330
1F
100
AcDbEntity
  8
0
100
AcDbLine
 10
-159.7289661828614
 20
136.6340026761355
 30
0.0
 11
-212.5950188586312
 21
185.5008061098459
 31
0.0
  0
LINE
  5
75
330
1F
100
AcDbEntity
  8
0
100
AcDbLine
 10
-144.8018593929994
 20
-13.70764323951729
 30
0.0
 11
-159.7289661828614
 21
136.6340026761355
 31
0.0
  0
LINE
  5
76
330
1F
100
AcDbEntity
  8
0
100
AcDbLine
 10
100.1373518342146
 20
-229.5895929482384
 30
0.0
 11
-144.8018593929994
 21
-13.7076432395173
 31
0.0
  0
LINE
  5
77
330
1F
100
AcDbEntity
  8
0
100
AcDbLine
 10
-257.4135923467273
 20
-175.7371344303603
 30
0.0
 11
-257.4135923467273
 21
-202.6633636892983
 31
0.0
  0
LINE
  5
78
330
1F
100
AcDbEntity
  8
0
100
AcDbLine
 10
-257.1863248222652
 20
-14.82871893695947
 30
0.0
 11
-257.1863248222652
 21
-44.82871893695887
 31
0.0
  0
LINE
  5
79
330
1F
100
AcDbEntity
  8
0
100
AcDbLine
 10
-257.1863248222663
 20
146.0796965564384
 30
0.0
 11
-257.1863248222663
 21
116.0796965564382
 31
0.0
  0
LINE
  5
7A
330
1F
100
AcDbEntity
  8
0
100
AcDbLine
 10
-150.1200568196125
 20
-175.7269776269657
 30
0.0
 11
-150.1200568196125
 21
-147.9996528715948
 31
0.0
  0
LINE
  5
7B
330
1F
100
AcDbEntity
  8
0
100
AcDbLine
 10
-156.1200568196119
 20
-147.9996528715948
 30
0.0
 11
-156.1200568196119
 21
-175.7269776269657
 31
0.0
  0
LINE
  5
7C
330
1F
100
AcDbEntity
  8
0
100
AcDbLine
 10
-150.1200568196125
 20
-80.25322265241162
 30
0.0
 11
-150.1200568196125
 21
-52.52589789704102
 31
0.0
  0
LINE
  5
7D
330
1F
100
AcDbEntity
  8
0
100
AcDbLine
 10
-156.1200568196119
 20
-80.25322265241162
 30
0.0
 11
-156.1200568196119
 21
-52.52589789704102
 31
0.0
  0
LINE
  5
7E
330
1F
100
AcDbEntity
  8
0
100
AcDbLine
 10
-159.9130500303066
 20
24.34575723713835
 30
0.0
 11
-162.6525678794824
 21
51.93741503517597
 31
0.0
  0
LINE
  5
7F
330
1F
100
AcDbEntity
  8
0
100
AcDbLine
 10
-156.6819252643425
 20
52.53022762132105
 30
0.0
 11
-153.9424074151664
 21
24.93856982328235
 31
0.0
  0
LINE
  5
80
330
1F
100
AcDbEntity
  8
0
100
AcDbLine
 10
-163.9219028236975
 20
125.4492572758144
 30
0.0
 11
-161.1823849745217
 21
97.8575994777798
 31
0.0
  0
LINE
  5
81
330
1F
100
AcDbEntity
  8
0
100
AcDbLine
 10
-169.892545438838
 20
124.8564446896718
 30
0.0
 11
-167.1530275896587
 21
97.26478689163446
 31
0.0
  0
LINE
  5
82
330
1F
100
AcDbEntity
  8
0
100
AcDbLine
 10
-180.1863248222644
 20
-296.3926735451017
 30
0.0
 11
-180.1863248222644
 21
-256.3926735451012
 31
0.0
  0
LINE
  5
83
330
1F
100
AcDbEntity
  8
0
100
AcDbLine
 10
-246.7847845238345
 20
-256.3926735451012
 30
0.0
 11
-180.1863248222644
 21
-256.3926735451012
 31
0.0
  0
LINE
  5
84
330
1F
100
AcDbEntity
  8
0
100
AcDbLine
 10
-246.7847845238345
 20
-236.9835462163404
 30
0.0
 11
-246.7847845238345
 21
-256.3926735451012
 31
0.0
  0
LINE
  5
85
330
1F
100
AcDbEntity
  8
0
100
AcDbLine
 10
-245.3984182860661
 20
-236.9835462163404
 30
0.0
 11
-246.7847845238345
 21
-236.9835462163404
 31
0.0
  0
LINE
  5
86
330
1F
100
AcDbEntity
  8
0
100
AcDbLine
 10
-245.3984182860661
 20
-229.589592948241
 30
0.0
 11
-245.3984182860661
 21
-236.9835462163404
 31
0.0
  0
LINE
  5
87
330
1F
100
AcDbEntity
  8
0
100
AcDbLine
 10
100.1373518342146
 20
-229.5895929482384
 30
0.0
 11
100.1373518342146
 21
-291.4414923862092
 31
0.0
  0
LINE
  5
88
330
1F
100
AcDbEntity
  8
0
100
AcDbLine
 10
56.38736883587772
 20
-330.7423245711586
 30
0.0
 11
100.1373518342146
 21
-291.4414923862092
 31
0.0
  0
LINE
  5
89
330
1F
100
AcDbEntity
  8
0
100
AcDbLine
 10
56.38736883587772
 20
-330.7423245711586
 30
0.0
 11
-113.7322265197452
 21
-387.4488563563647
 31
0.0
  0
LINE
  5
8A
330
1F
100
AcDbEntity
  8
0
100
AcDbLine
 10
-38.11987419192519
 20
-457.2676689331629
 30
0.0
 11
-113.7322265197452
 21
-387.4488563563647
 31
0.0
  0
LINE
  5
8B
330
1F
100
AcDbEntity
  8
0
100
AcDbLine
 10
-163.2294705338321
 20
-445.0161063197681
 30
0.0
 11
-163.2294706354046
 21
-426.5312231495183
 31
0.0
  0
LINE
  5
8C
330
1F
100
AcDbEntity
  8
0
100
AcDbLine
 10
-169.2294705338318
 20
-445.0161063197681
 30
0.0
 11
-169.2294706354069
 21
-426.5312231495184
 31
0.0
  0
LINE
  5
8D
330
1F
100
AcDbEntity
  8
0
100
AcDbLine
 10
-169.229471092432
 20
-343.3600810345068
 30
0.0
 11
-169.2294711940057
 21
-324.8751978642577
 31
0.0
  0
LINE
  5
8E
330
1F
100
AcDbEntity
  8
0
100
AcDbLine
 10
-163.2294711940049
 20
-324.8751978642577
 30
0.0
 11
-163.2294710924298
 21
-343.360081034507
 31
0.0
  0
LINE
  5
8F
330
1F
100
AcDbEntity
  8
0
100
AcDbLine
 10
-163.2294840068537
 20
-249.4117322309577
 30
0.0
 11
-163.2294863135444
 21
-230.9268490607131
 31
0.0
  0
LINE
  5
90
330
1F
100
AcDbEntity
  8
0
100
AcDbLine
 10
-169.2294863135466
 20
-230.9268490607131
 30
0.0
 11
-169.229484006852
 21
-249.4117322309578
 31
0.0
  0
LINE
  5
91
330
1F
100
AcDbEntity
  8
0
100
AcDbLine
 10
-150.1200568196125
 20
-384.6663975869739
 30
0.0
 11
-150.1200568196125
 21
-356.9390728316011
 31
0.0
  0
LINE
  5
92
330
1F
100
AcDbEntity
  8
0
100
AcDbLine
 10
-156.1200568196119
 20
-356.9390728316011
 30
0.0
 11
-156.1200568196119
 21
-384.666397586975
 31
0.0
  0
LINE
  5
93
330
1F
100
AcDbEntity
  8
0
100
AcDbLine
 10
-150.1200568196125
 20
-274.1985792604705
 30
0.0
 11
-150.1200568196125
 21
-246.471254505099
 31
0.0
  0
LINE
  5
94
330
1F
100
AcDbEntity
  8
0
100
AcDbLine
 10
-156.1200568196119
 20
-246.4712545050989
 30
0.0
 11
-156.1200568196119
 21
-274.1985792604724
 31
0.0
  0
LINE
  5
95
330
1F
100
AcDbEntity
  8
0
100
AcDbLine
 10
221.6636974522681
 20
-12.56670734190159
 30
0.0
 11
99.14014079993531
 21
-71.79414798442875
 31
0.0
  0
LINE
  5
96
330
1F
100
AcDbEntity
  8
0
100
AcDbLine
 10
221.6636974522681
 20
-59.43907164638424
 30
0.0
 11
221.6636974522681
 21
-12.56670734190159
 31
0.0
  0
LINE
  5
97
330
1F
100
AcDbEntity
  8
0
100
AcDbLine
 10
221.6636974522681
 20
-59.43907164638424
 30
0.0
 11
99.14014079993528
 21
-118.6665122889138
 31
0.0
  0
LINE
  5
98
330
1F
100
AcDbEntity
  8
0
100
AcDbLine
 10
99.14014079993531
 20
-71.79414798442875
 30
0.0
 11
99.14014079993528
 21
-118.6665122889138
 31
0.0
  0
LINE
  5
99
330
1F
100
AcDbEntity
  8
0
100
AcDbLine
 10
51.71563639644395
 20
83.13557412447717
 30
0.0
 11
221.6636974522681
 21
8.496621178925267
 31
0.0
  0
LINE
  5
9A
330
1F
100
AcDbEntity
  8
0
100
AcDbLine
 10
221.6636974522681
 20
-12.56670734190159
 30
0.0
 11
221.6636974522681
 21
8.496621178925265
 31
0.0
  0
LINE
  5
9B
330
1F
100
AcDbEntity
  8
0
100
AcDbLine
 10
99.14014079993528
 20
-118.6665122889138
 30
0.0
 11
51.71563639644395
 21
-141.5913448378819
 31
0.0
  0
LINE
  5
9C
330
1F
100
AcDbEntity
  8
0
100
AcDbLine
 10
51.71563639644395
 20
-130.9536831345777
 30
0.0
 11
51.71563639644395
 21
-141.5913448378819
 31
0.0
  0
LINE
  5
9D
330
1F
100
AcDbEntity
  8
0
100
AcDbLine
 10
43.37695483329239
 20
-130.9536831345777
 30
0.0
 11
43.37695483329239
 21
-112.468799964328
 31
0.0
  0
LINE
  5
9E
330
1F
100
AcDbEntity
  8
0
100
AcDbLine
 10
51.71563639644395
 20
-112.4687999643279
 30
0.0
 11
51.71563639644395
 21
-29.29765784931652
 31
0.0
  0
LINE
  5
9F
330
1F
100
AcDbEntity
  8
0
100
AcDbLine
 10
43.37695356043216
 20
-29.29765784931662
 30
0.0
 11
43.37695356043216
 21
-10.81277467906748
 31
0.0
  0
LINE
  5
A0
330
1F
100
AcDbEntity
  8
0
100
AcDbLine
 10
51.71563639644395
 20
-10.81277467906748
 30
0.0
 11
51.71563639644395
 21
64.65069095423502
 31
0.0
  0
LINE
  5
A1
330
1F
100
AcDbEntity
  8
0
100
AcDbLine
 10
43.3769447728194
 20
64.65069095423817
 30
0.0
 11
43.3769447728194
 21
83.13557412448377
 31
0.0
  0
LINE
  5
A2
330
1F
100
AcDbEntity
  8
0
100
AcDbLine
 10
-82.35785303157705
 20
519.8700768913492
 30
0.0
 11
-92.61688955089971
 21
533.2457777953362
 31
0.0
  0
LINE
  5
A3
330
1F
100
AcDbEntity
  8
0
100
AcDbLine
 10
-80.79611257613419
 20
496.8049141931514
 30
0.0
 11
-82.35785303157705
 21
519.8700768913492
 31
0.0
  0
LINE
  5
A4
330
1F
100
AcDbEntity
  8
0
100
AcDbLine
 10
-71.1823536431355
 20
443.6366273424723
 30
0.0
 11
-74.80981936580344
 21
497.2102456623918
 31
0.0
  0
LINE
  5
A5
330
1F
100
AcDbEntity
  8
0
100
AcDbLine
 10
-74.90835647285122
 20
417.8089928370835
 30
0.0
 11
-88.24221918517148
 21
430.501226271185
 31
0.0
  0
LINE
  5
A6
330
1F
100
AcDbEntity
  8
0
100
AcDbLine
 10
-74.90835647285087
 20
409.9507795217211
 30
0.0
 11
-74.90835647285122
 21
417.8089928370835
 31
0.0
  0
LINE
  5
A7
330
1F
100
AcDbEntity
  8
0
100
AcDbLine
 10
-68.90835647285294
 20
409.9507795217211
 30
0.0
 11
-68.90835647285186
 21
370.5296699683134
 31
0.0
  0
LINE
  5
A8
330
1F
100
AcDbEntity
  8
0
100
AcDbLine
 10
-62.90835647285179
 20
370.5296699683134
 30
0.0
 11
-68.90835647285186
 21
370.5296699683134
 31
0.0
  0
LINE
  5
A9
330
1F
100
AcDbEntity
  8
0
100
AcDbLine
 10
-62.90835647285179
 20
370.5296699683134
 30
0.0
 11
-62.90835647285251
 21
340.5296699683136
 31
0.0
  0
LINE
  5
AA
330
1F
100
AcDbEntity
  8
0
100
AcDbLine
 10
-62.90835647285251
 20
340.5296699683136
 30
0.0
 11
-68.90835647285223
 21
340.5296699683136
 31
0.0
  0
LINE
  5
AB
330
1F
100
AcDbEntity
  8
0
100
AcDbLine
 10
-68.90835647285294
 20
209.6212544749161
 30
0.0
 11
-68.90835647285223
 21
340.5296699683136
 31
0.0
  0
LINE
  5
AC
330
1F
100
AcDbEntity
  8
0
100
AcDbLine
 10
-68.90835647285294
 20
209.6212544749161
 30
0.0
 11
-74.90835647285122
 21
209.6212544749161
 31
0.0
  0
LINE
  5
AD
330
1F
100
AcDbEntity
  8
0
100
AcDbLine
 10
-74.90835647285122
 20
209.6212544749161
 30
0.0
 11
-74.90835647285122
 21
179.6212544749168
 31
0.0
  0
LINE
  5
AE
330
1F
100
AcDbEntity
  8
0
100
AcDbLine
 10
-68.90835647285294
 20
179.6212544749168
 30
0.0
 11
-74.90835647285122
 21
179.6212544749168
 31
0.0
  0
LINE
  5
AF
330
1F
100
AcDbEntity
  8
0
100
AcDbLine
 10
-68.90835647285186
 20
48.71283898151505
 30
0.0
 11
-68.90835647285294
 21
179.6212544749168
 31
0.0
  0
LINE
  5
B0
330
1F
100
AcDbEntity
  8
0
100
AcDbLine
 10
-68.90835647285186
 20
21.7866097225772
 30
0.0
 11
-80.90835647285059
 21
21.78660972257711
 31
0.0
  0
LINE
  5
B1
330
1F
100
AcDbEntity
  8
0
100
AcDbLine
 10
-68.90835647285186
 20
21.7866097225772
 30
0.0
 11
-68.90835647285294
 21
-5.13961953636295
 31
0.0
  0
LINE
  5
B2
330
1F
100
AcDbEntity
  8
0
100
AcDbLine
 10
-52.83400726801481
 20
-5.139619536362949
 30
0.0
 11
-68.90835647285294
 21
-5.139619536362949
 31
0.0
  0
LINE
  5
B3
330
1F
100
AcDbEntity
  8
0
100
AcDbLine
 10
-52.83400726801481
 20
-5.139619536362949
 30
0.0
 11
-34.55366776448947
 21
236.9698340116933
 31
0.0
  0
LINE
  5
B4
330
1F
100
AcDbEntity
  8
0
100
AcDbLine
 10
-34.55366776448947
 20
236.9698340116933
 30
0.0
 11
-29.47078993870989
 21
283.8572683325358
 31
0.0
  0
LINE
  5
B5
330
1F
100
AcDbEntity
  8
0
100
AcDbLine
 10
-29.47078993870989
 20
283.8572683325358
 30
0.0
 11
-18.97747870368206
 21
361.3274498079845
 31
0.0
  0
LINE
  5
B6
330
1F
100
AcDbEntity
  8
0
100
AcDbLine
 10
-18.97747870368206
 20
361.3274498079845
 30
0.0
 11
-37.02475553423185
 21
377.6521694282152
 31
0.0
  0
LINE
  5
B7
330
1F
100
AcDbEntity
  8
0
100
AcDbLine
 10
-37.02475553423185
 20
377.6521694282152
 30
0.0
 11
-54.1351939444957
 21
518.160949069599
 31
0.0
  0
LINE
  5
B8
330
1F
100
AcDbEntity
  8
0
100
AcDbLine
 10
-54.1351939444957
 20
518.160949069599
 30
0.0
 11
-46.70204956776506
 21
528.7182684476405
 31
0.0
  0
LINE
  5
B9
330
1F
100
AcDbEntity
  8
0
100
AcDbLine
 10
-59.48989042273016
 20
569.1562110778954
 30
0.0
 11
-46.70204956776506
 21
528.7182684476405
 31
0.0
  0
LINE
  5
BA
330
1F
100
AcDbEntity
  8
0
100
AcDbLine
 10
-67.18219614746151
 20
605.0322062813526
 30
0.0
 11
-59.48989042273016
 21
569.1562110778954
 31
0.0
  0
LINE
  5
BB
330
1F
100
AcDbEntity
  8
0
100
AcDbLine
 10
-67.18219614746151
 20
605.0322062813526
 30
0.0
 11
-76.12512641811625
 21
634.7603315174664
 31
0.0
  0
LINE
  5
BC
330
1F
100
AcDbEntity
  8
0
100
AcDbLine
 10
-78.21840533093382
 20
639.8322926885963
 30
0.0
 11
-76.12512641811625
 21
634.7603315174664
 31
0.0
  0
LINE
  5
BD
330
1F
100
AcDbEntity
  8
0
100
AcDbLine
 10
-78.21840533093382
 20
639.8322926885963
 30
0.0
 11
-92.35533752638867
 21
627.1844537483994
 31
0.0
  0
LINE
  5
BE
330
1F
100
AcDbEntity
  8
0
100
AcDbLine
 10
-89.24596868716544
 20
621.5998539016205
 30
0.0
 11
-92.35533752638867
 21
627.1844537483994
 31
0.0
  0
LINE
  5
BF
330
1F
100
AcDbEntity
  8
0
100
AcDbLine
 10
-88.63126322382878
 20
612.5213405840709
 30
0.0
 11
-89.24596868716544
 21
621.5998539016205
 31
0.0
  0
LINE
  5
C0
330
1F
100
AcDbEntity
  8
0
100
AcDbLine
 10
-78.1557044401882
 20
546.6252322188095
 30
0.0
 11
-82.64497001349947
 21
612.9266720533146
 31
0.0
  0
LINE
  5
C1
330
1F
100
AcDbEntity
  8
0
100
AcDbLine
 10
-13.05512828999941
 20
391.7120335148131
 30
0.0
 11
-18.97747870368206
 21
361.3274498079845
 31
0.0
  0
LINE
  5
C2
330
1F
100
AcDbEntity
  8
0
100
AcDbLine
 10
-8.973186966541752
 20
420.6871145088208
 30
0.0
 11
-13.05512828999941
 21
391.7120335148131
 31
0.0
  0
LINE
  5
C3
330
1F
100
AcDbEntity
  8
0
100
AcDbLine
 10
-8.434271553831886
 20
435.7739594920764
 30
0.0
 11
-8.973186966541752
 21
420.6871145088208
 31
0.0
  0
LINE
  5
C4
330
1F
100
AcDbEntity
  8
0
100
AcDbLine
 10
-9.675938290424776
 20
451.8245923411545
 30
0.0
 11
-8.434271553831886
 21
435.7739594920764
 31
0.0
  0
LINE
  5
C5
330
1F
100
AcDbEntity
  8
0
100
AcDbLine
 10
-13.10376380831368
 20
463.2981262507657
 30
0.0
 11
-9.675938290424776
 21
451.8245923411545
 31
0.0
  0
LINE
  5
C6
330
1F
100
AcDbEntity
  8
0
100
AcDbLine
 10
-21.30907584228665
 20
481.6458210385081
 30
0.0
 11
-13.10376380831368
 21
463.2981262507657
 31
0.0
  0
LINE
  5
C7
330
1F
100
AcDbEntity
  8
0
100
AcDbLine
 10
-46.70204956776506
 20
528.7182684476405
 30
0.0
 11
-21.30907584228665
 21
481.6458210385081
 31
0.0
  0
LINE
  5
C8
330
1F
100
AcDbEntity
  8
0
100
AcDbLine
 10
-263.1863248222655
 20
226.5447321696038
 30
0.0
 11
-263.1863248222655
 21
185.5008061098461
 31
0.0
  0
LINE
  5
C9
330
1F
100
AcDbEntity
  8
0
100
AcDbLine
 10
-257.1863248222655
 20
226.5447321696037
 30
0.0
 11
-257.1863248222655
 21
185.5008061098459
 31
0.0
  0
LINE
  5
CA
330
1F
100
AcDbEntity
  8
0
100
AcDbLine
 10
-257.1863248222655
 20
226.5447321696037
 30
0.0
 11
-263.1863248222655
 21
226.5447321696038
 31
0.0
  0
LINE
  5
CB
330
1F
100
AcDbEntity
  8
0
100
AcDbLine
 10
-272.8814986707771
 20
188.5008061098474
 30
0.0
 11
-291.3663818410248
 21
188.5008061098474
 31
0.0
  0
LINE
  5
CC
330
1F
100
AcDbEntity
  8
0
100
AcDbLine
 10
-307.7776307859003
 20
185.5008061098461
 30
0.0
 11
-301.0941390631875
 21
295.7681298327706
 31
0.0
  0
LINE
  5
CD
330
1F
100
AcDbEntity
  8
0
100
AcDbLine
 10
-284.2894403849207
 20
384.6850629265945
 30
0.0
 11
-274.4339477707171
 21
412.1876859371693
 31
0.0
  0
LINE
  5
CE
330
1F
100
AcDbEntity
  8
0
100
AcDbLine
 10
-263.1863248222692
 20
436.6047866385152
 30
0.0
 11
-274.4339477707171
 21
412.1876859371693
 31
0.0
  0
LINE
  5
CF
330
1F
100
AcDbEntity
  8
0
100
AcDbLine
 10
-263.1863248222675
 20
388.73832188712
 30
0.0
 11
-263.1863248222692
 21
436.6047866385152
 31
0.0
  0
LINE
  5
D0
330
1F
100
AcDbEntity
  8
0
100
AcDbLine
 10
-257.1863248222663
 20
330.5109399008379
 30
0.0
 11
-257.1863248222655
 21
272.7569400952248
 31
0.0
  0
LINE
  5
D1
330
1F
100
AcDbEntity
  8
0
100
AcDbLine
 10
-257.1863248222663
 20
330.5109399008379
 30
0.0
 11
-263.1863248222651
 21
330.5109399008387
 31
0.0
  0
LINE
  5
D2
330
1F
100
AcDbEntity
  8
0
100
AcDbLine
 10
-263.1863248222651
 20
330.5109399008387
 30
0.0
 11
-263.1863248222655
 21
272.7569400952253
 31
0.0
  0
LINE
  5
D3
330
1F
100
AcDbEntity
  8
0
100
AcDbLine
 10
-257.1863248222655
 20
272.7569400952248
 30
0.0
 11
-263.1863248222655
 21
272.7569400952253
 31
0.0
  0
LINE
  5
D4
330
1F
100
AcDbEntity
  8
0
100
AcDbLine
 10
-263.1863248222655
 20
185.5008061098461
 30
0.0
 11
-257.1863248222655
 21
185.5008061098459
 31
0.0
  0
LINE
  5
D5
330
1F
100
AcDbEntity
  8
0
100
AcDbLine
 10
-257.1863248222638
 20
388.7383218871192
 30
0.0
 11
-263.1863248222675
 21
388.73832188712
 31
0.0
  0
LINE
  5
D6
330
1F
100
AcDbEntity
  8
0
100
AcDbLine
 10
-257.1863248222638
 20
388.7383218871192
 30
0.0
 11
-257.186324822262
 21
436.6047866385146
 31
0.0
  0
LINE
  5
D7
330
1F
100
AcDbEntity
  8
0
100
AcDbLine
 10
-257.186324822262
 20
436.6047866385146
 30
0.0
 11
-245.9387018738142
 21
412.1876859371685
 31
0.0
  0
LINE
  5
D8
330
1F
100
AcDbEntity
  8
0
100
AcDbLine
 10
-236.0832092596107
 20
384.6850629265941
 30
0.0
 11
-245.9387018738142
 21
412.1876859371685
 31
0.0
  0
LINE
  5
D9
330
1F
100
AcDbEntity
  8
0
100
AcDbLine
 10
-219.2785105813441
 20
295.7681298327702
 30
0.0
 11
-236.0832092596107
 21
384.6850629265941
 31
0.0
  0
LINE
  5
DA
330
1F
100
AcDbEntity
  8
0
100
AcDbLine
 10
-212.5950188586312
 20
185.5008061098459
 30
0.0
 11
-219.2785105813441
 21
295.7681298327702
 31
0.0
  0
LINE
  5
DB
330
1F
100
AcDbEntity
  8
0
100
AcDbLine
 10
-247.4911509737543
 20
188.5008061098472
 30
0.0
 11
-229.0062678035065
 21
188.5008061098472
 31
0.0
  0
LINE
  5
DC
330
1F
100
AcDbEntity
  8
0
100
AcDbLine
 10
-301.0941390631875
 20
295.7681298327706
 30
0.0
 11
-284.2894403849207
 21
384.6850629265945
 31
0.0
  0
LINE
  5
DD
330
1F
100
AcDbEntity
  8
0
100
AcDbLine
 10
-351.1431791106994
 20
-445.0161063197681
 30
0.0
 11
-351.1431790091241
 21
-426.5312231495184
 31
0.0
  0
LINE
  5
DE
330
1F
100
AcDbEntity
  8
0
100
AcDbLine
 10
-351.1431633309846
 20
-230.9268490607131
 30
0.0
 11
-351.1431656376793
 21
-249.4117322309578
 31
0.0
  0
LINE
  5
DF
330
1F
100
AcDbEntity
  8
0
100
AcDbLine
 10
-351.1431785520992
 20
-343.3600810345068
 30
0.0
 11
-351.1431784505255
 21
-324.8751978642577
 31
0.0
  0
LINE
  5
E0
330
1F
100
AcDbEntity
  8
0
100
AcDbLine
 10
-357.1431791106991
 20
-445.0161063197681
 30
0.0
 11
-357.1431790091264
 21
-426.5312231495183
 31
0.0
  0
LINE
  5
E1
330
1F
100
AcDbEntity
  8
0
100
AcDbLine
 10
-357.1431784505263
 20
-324.8751978642577
 30
0.0
 11
-357.1431785521014
 21
-343.360081034507
 31
0.0
  0
LINE
  5
E2
330
1F
100
AcDbEntity
  8
0
100
AcDbLine
 10
126.3051014557463
 20
454.3748123194479
 30
0.0
 11
126.3051014557463
 21
481.1778929163093
 31
0.0
  0
LINE
  5
E3
330
1F
100
AcDbEntity
  8
0
100
AcDbLine
 10
126.3051014557434
 20
145.9960351470835
 30
0.0
 11
126.3051014557434
 21
173.7233599024572
 31
0.0
  0
LINE
  5
E4
330
1F
100
AcDbEntity
  8
0
100
AcDbLine
 10
201.1655621262687
 20
187.1840809113959
 30
0.0
 11
207.165562126269
 21
187.1840809113959
 31
0.0
  0
LINE
  5
E5
330
1F
100
AcDbEntity
  8
0
100
AcDbLine
 10
207.165562126269
 20
187.1840809113959
 30
0.0
 11
207.165562126269
 21
133.2368008215552
 31
0.0
  0
LINE
  5
E6
330
1F
100
AcDbEntity
  8
0
100
AcDbLine
 10
201.1655621262687
 20
214.9114056667688
 30
0.0
 11
201.1655621262687
 21
187.1840809113959
 31
0.0
  0
LINE
  5
E7
330
1F
100
AcDbEntity
  8
0
100
AcDbLine
 10
207.165562126269
 20
282.65783588595
 30
0.0
 11
207.165562126269
 21
214.9114056667688
 31
0.0
  0
LINE
  5
E8
330
1F
100
AcDbEntity
  8
0
100
AcDbLine
 10
201.1655621262687
 20
310.3851606413237
 30
0.0
 11
201.1655621262687
 21
282.65783588595
 31
0.0
  0
LINE
  5
E9
330
1F
100
AcDbEntity
  8
0
100
AcDbLine
 10
191.7919239093506
 20
443.3476277083191
 30
0.0
 11
194.5305058973236
 21
415.7558770226401
 31
0.0
  0
LINE
  5
EA
330
1F
100
AcDbEntity
  8
0
100
AcDbLine
 10
200.5011686161353
 20
416.3484870952763
 30
0.0
 11
207.1655621262697
 21
349.2034152988473
 31
0.0
  0
LINE
  5
EB
330
1F
100
AcDbEntity
  8
0
100
AcDbLine
 10
194.9603867611145
 20
472.1729510765904
 30
0.0
 11
148.974249430891
 21
514.6802959576957
 31
0.0
  0
LINE
  5
EC
330
1F
100
AcDbEntity
  8
0
100
AcDbLine
 10
132.5600707549298
 20
508.4454414029021
 30
0.0
 11
142.1184771557579
 21
508.4454414029025
 31
0.0
  0
LINE
  5
ED
330
1F
100
AcDbEntity
  8
0
100
AcDbLine
 10
207.165562126269
 20
133.2368008215552
 30
0.0
 11
204.3928296507321
 21
133.2368008215549
 31
0.0
  0
LINE
  5
EE
330
1F
100
AcDbEntity
  8
0
100
AcDbLine
 10
207.1655621262697
 20
349.2034152988473
 30
0.0
 11
207.165562126269
 21
310.3851606413237
 31
0.0
  0
LINE
  5
EF
330
1F
100
AcDbEntity
  8
0
100
AcDbLine
 10
132.5600707549298
 20
514.6802959576957
 30
0.0
 11
114.0501321565567
 21
514.6802959576957
 31
0.0
  0
LINE
  5
F0
330
1F
100
AcDbEntity
  8
0
100
AcDbLine
 10
142.1184771557579
 20
514.6802959576957
 30
0.0
 11
148.974249430891
 21
514.6802959576957
 31
0.0
  0
LINE
  5
F1
330
1F
100
AcDbEntity
  8
0
100
AcDbLine
 10
204.3928296507321
 20
133.2368008215549
 30
0.0
 11
175.6667480246285
 21
144.1746262089016
 31
0.0
  0
LINE
  5
F2
330
1F
100
AcDbEntity
  8
0
100
AcDbLine
 10
175.6667480246285
 20
144.1746262089016
 30
0.0
 11
123.3051014557436
 21
133.3214655901225
 31
0.0
  0
LINE
  5
F3
330
1F
100
AcDbEntity
  8
0
100
AcDbLine
 10
120.3051014557433
 20
145.9960351470835
 30
0.0
 11
126.3051014557434
 21
145.9960351470835
 31
0.0
  0
LINE
  5
F4
330
1F
100
AcDbEntity
  8
0
100
AcDbLine
 10
120.3051014557441
 20
173.7233599024572
 30
0.0
 11
126.3051014557434
 21
173.7233599024572
 31
0.0
  0
LINE
  5
F5
330
1F
100
AcDbEntity
  8
0
100
AcDbLine
 10
120.3051014557404
 20
454.3748123194479
 30
0.0
 11
126.3051014557463
 21
454.3748123194479
 31
0.0
  0
LINE
  5
F6
330
1F
100
AcDbEntity
  8
0
100
AcDbLine
 10
120.3051014557404
 20
481.1778929163093
 30
0.0
 11
126.3051014557463
 21
481.1778929163093
 31
0.0
  0
LINE
  5
F7
330
1F
100
AcDbEntity
  8
0
100
AcDbLine
 10
178.2293515075058
 20
418.3444521294036
 30
0.0
 11
68.38085140398134
 21
418.3444521294036
 31
0.0
  0
LINE
  5
F8
330
1F
100
AcDbEntity
  8
0
100
AcDbLine
 10
185.2146916272226
 20
347.9900595694049
 30
0.0
 11
178.2293515075058
 21
418.3444521294036
 31
0.0
  0
LINE
  5
F9
330
1F
100
AcDbEntity
  8
0
100
AcDbLine
 10
185.2146916272219
 20
187.1867884902311
 30
0.0
 11
185.2146916272226
 21
347.9900595694049
 31
0.0
  0
LINE
  5
FA
330
1F
100
AcDbEntity
  8
0
100
AcDbLine
 10
61.39551128426417
 20
187.1867884902311
 30
0.0
 11
185.2146916272219
 21
187.1867884902311
 31
0.0
  0
LINE
  5
FB
330
1F
100
AcDbEntity
  8
0
100
AcDbLine
 10
-502.2533043793995
 20
101.0570579780056
 30
0.0
 11
-495.4341134054275
 21
101.0570579780053
 31
0.0
  0
LINE
  5
FC
330
1F
100
AcDbEntity
  8
0
100
AcDbLine
 10
-550.1010380158783
 20
250.4780930424018
 30
0.0
 11
-558.5106409820767
 21
250.4780930424148
 31
0.0
  0
LINE
  5
FD
330
1F
100
AcDbEntity
  8
0
100
AcDbLine
 10
-550.1010380158783
 20
155.0043380678474
 30
0.0
 11
-558.5106409820767
 21
155.004338067854
 31
0.0
  0
LINE
  5
FE
330
1F
100
AcDbEntity
  8
0
100
AcDbLine
 10
-550.101038015878
 20
56.53273643434123
 30
0.0
 11
-558.5106409820767
 21
56.53273643434773
 31
0.0
  0
LINE
  5
FF
330
1F
100
AcDbEntity
  8
0
100
AcDbLine
 10
-550.101038015878
 20
-53.93508189216192
 30
0.0
 11
-558.5106409820767
 21
-53.9350818921556
 31
0.0
  0
LINE
  5
100
330
1F
100
AcDbEntity
  8
0
100
AcDbLine
 10
-527.0420128722091
 20
-86.91386671414652
 30
0.0
 11
-502.6829427821077
 21
19.34665703265408
 31
0.0
  0
LINE
  5
101
330
1F
100
AcDbEntity
  8
0
100
AcDbLine
 10
-558.5106409819809
 20
84.26006118971418
 30
0.0
 11
-558.5106409820767
 21
56.53273643434773
 31
0.0
  0
LINE
  5
102
330
1F
100
AcDbEntity
  8
0
100
AcDbLine
 10
-550.101038015878
 20
56.53273643434123
 30
0.0
 11
-550.101038015878
 21
-26.20775713678852
 31
0.0
  0
LINE
  5
103
330
1F
100
AcDbEntity
  8
0
100
AcDbLine
 10
-558.5106409819809
 20
-26.20775713678852
 30
0.0
 11
-558.5106409820767
 21
-53.9350818921556
 31
0.0
  0
LINE
  5
104
330
1F
100
AcDbEntity
  8
0
100
AcDbLine
 10
-550.101038015878
 20
-53.93508189216192
 30
0.0
 11
-550.101038015878
 21
-121.4323128241905
 31
0.0
  0
LINE
  5
105
330
1F
100
AcDbEntity
  8
0
100
AcDbLine
 10
-550.101038015878
 20
-121.4323128241905
 30
0.0
 11
-527.0420128722091
 21
-86.91386671414652
 31
0.0
  0
LINE
  5
106
330
1F
100
AcDbEntity
  8
0
100
AcDbLine
 10
-495.4341134054275
 20
95.92750673468619
 30
0.0
 11
-502.6829427821077
 21
19.34665703265408
 31
0.0
  0
LINE
  5
107
330
1F
100
AcDbEntity
  8
0
100
AcDbLine
 10
-495.4341134054275
 20
101.0570579780053
 30
0.0
 11
-495.4341134054275
 21
95.92750673468619
 31
0.0
  0
LINE
  5
108
330
1F
100
AcDbEntity
  8
0
100
AcDbLine
 10
-502.2533043793974
 20
155.0043380678478
 30
0.0
 11
-502.2533043793995
 21
101.0570579780056
 31
0.0
  0
LINE
  5
109
330
1F
100
AcDbEntity
  8
0
100
AcDbLine
 10
-493.8437014132961
 20
155.0043380678493
 30
0.0
 11
-493.8437014132961
 21
182.7316628232226
 31
0.0
  0
LINE
  5
10A
330
1F
100
AcDbEntity
  8
0
100
AcDbLine
 10
-502.2533043793974
 20
250.4780930424018
 30
0.0
 11
-502.2533043793974
 21
182.7316628232211
 31
0.0
  0
LINE
  5
10B
330
1F
100
AcDbEntity
  8
0
100
AcDbLine
 10
-550.1010380158783
 20
155.0043380678474
 30
0.0
 11
-550.101038015878
 21
84.26006118971453
 31
0.0
  0
LINE
  5
10C
330
1F
100
AcDbEntity
  8
0
100
AcDbLine
 10
-502.2533043793974
 20
278.2054177977755
 30
0.0
 11
-502.2527235086803
 21
317.035740188785
 31
0.0
  0
LINE
  5
10D
330
1F
100
AcDbEntity
  8
0
100
AcDbLine
 10
-550.1024494654256
 20
316.9939166264385
 30
0.0
 11
-550.1010380158783
 21
278.2054177977755
 31
0.0
  0
LINE
  5
10E
330
1F
100
AcDbEntity
  8
0
100
AcDbLine
 10
-558.5106409819809
 20
278.205417797774
 30
0.0
 11
-558.5106409820767
 21
250.4780930424148
 31
0.0
  0
LINE
  5
10F
330
1F
100
AcDbEntity
  8
0
100
AcDbLine
 10
-550.1010380158783
 20
250.4780930424018
 30
0.0
 11
-550.1010380158783
 21
182.7316628232208
 31
0.0
  0
LINE
  5
110
330
1F
100
AcDbEntity
  8
0
100
AcDbLine
 10
-558.5106409819809
 20
182.7316628232211
 30
0.0
 11
-558.5106409820767
 21
155.004338067854
 31
0.0
  0
LINE
  5
111
330
1F
100
AcDbEntity
  8
0
100
AcDbLine
 10
-493.8437014132961
 20
250.4780930424036
 30
0.0
 11
-493.8437014132961
 21
278.2054177977773
 31
0.0
  0
LINE
  5
112
330
1F
100
AcDbEntity
  8
0
100
AcDbLine
 10
120.3051014557433
 20
145.9960351470835
 30
0.0
 11
120.3051014557441
 21
173.7233599024572
 31
0.0
  0
LINE
  5
113
330
1F
100
AcDbEntity
  8
0
100
AcDbLine
 10
114.0501321565567
 20
508.4454414029021
 30
0.0
 11
104.4917257557294
 21
508.4454414029025
 31
0.0
  0
LINE
  5
114
330
1F
100
AcDbEntity
  8
0
100
AcDbLine
 10
46.10903429535075
 20
416.3484870952763
 30
0.0
 11
39.4446407852173
 21
349.2034152988473
 31
0.0
  0
LINE
  5
115
330
1F
100
AcDbEntity
  8
0
100
AcDbLine
 10
39.4446407852173
 20
133.2368008215552
 30
0.0
 11
42.21737326075488
 21
133.2368008215549
 31
0.0
  0
LINE
  5
116
330
1F
100
AcDbEntity
  8
0
100
AcDbLine
 10
104.4917257557294
 20
514.6802959576957
 30
0.0
 11
97.63595348059637
 21
514.6802959576957
 31
0.0
  0
LINE
  5
117
330
1F
100
AcDbEntity
  8
0
100
AcDbLine
 10
70.94345488685868
 20
144.1746262089016
 30
0.0
 11
123.3051014557436
 21
133.3214655901225
 31
0.0
  0
LINE
  5
118
330
1F
100
AcDbEntity
  8
0
100
AcDbLine
 10
61.39551128426417
 20
187.1867884902311
 30
0.0
 11
61.39551128426417
 21
347.9900595694049
 31
0.0
  0
LINE
  5
119
330
1F
100
AcDbEntity
  8
0
100
AcDbLine
 10
61.39551128426417
 20
347.9900595694049
 30
0.0
 11
68.38085140398134
 21
418.3444521294036
 31
0.0
  0
LINE
  5
11A
330
1F
100
AcDbEntity
  8
0
100
AcDbLine
 10
42.21737326075488
 20
133.2368008215549
 30
0.0
 11
70.94345488685868
 21
144.1746262089016
 31
0.0
  0
LINE
  5
11B
330
1F
100
AcDbEntity
  8
0
100
AcDbLine
 10
39.4446407852173
 20
349.2034152988473
 30
0.0
 11
39.4446407852173
 21
310.3851606413237
 31
0.0
  0
LINE
  5
11C
330
1F
100
AcDbEntity
  8
0
100
AcDbLine
 10
51.64981615037232
 20
472.1729510765904
 30
0.0
 11
97.63595348059637
 21
514.6802959576957
 31
0.0
  0
LINE
  5
11D
330
1F
100
AcDbEntity
  8
0
100
AcDbLine
 10
54.8182790021362
 20
443.3476277083191
 30
0.0
 11
52.07969701416316
 21
415.7558770226401
 31
0.0
  0
LINE
  5
11E
330
1F
100
AcDbEntity
  8
0
100
AcDbLine
 10
45.44464078521737
 20
310.3851606413237
 30
0.0
 11
45.44464078521737
 21
282.65783588595
 31
0.0
  0
LINE
  5
11F
330
1F
100
AcDbEntity
  8
0
100
AcDbLine
 10
39.4446407852173
 20
282.65783588595
 30
0.0
 11
39.4446407852173
 21
214.9114056667688
 31
0.0
  0
LINE
  5
120
330
1F
100
AcDbEntity
  8
0
100
AcDbLine
 10
45.44464078521737
 20
187.1840809113959
 30
0.0
 11
39.4446407852173
 21
187.1840809113959
 31
0.0
  0
LINE
  5
121
330
1F
100
AcDbEntity
  8
0
100
AcDbLine
 10
120.3051014557404
 20
454.3748123194479
 30
0.0
 11
120.3051014557404
 21
481.1778929163093
 31
0.0
  0
LINE
  5
122
330
1F
100
AcDbEntity
  8
0
100
AcDbLine
 10
39.4446407852173
 20
187.1840809113959
 30
0.0
 11
39.4446407852173
 21
133.2368008215552
 31
0.0
  0
LINE
  5
123
330
1F
100
AcDbEntity
  8
0
100
AcDbLine
 10
45.44464078521737
 20
214.9114056667688
 30
0.0
 11
45.44464078521737
 21
187.1840809113959
 31
0.0
  0
LINE
  5
124
330
1F
100
AcDbEntity
  8
0
100
AcDbLine
 10
-556.6956663234696
 20
355.7542532718003
 30
0.0
 11
-555.3938081133093
 21
383.4509986273567
 31
0.0
  0
LINE
  5
125
330
1F
100
AcDbEntity
  8
0
100
AcDbLine
 10
-499.0905369397864
 20
384.3105597363805
 30
0.0
 11
-502.2527235086803
 21
317.035740188785
 31
0.0
  0
LINE
  5
126
330
1F
100
AcDbEntity
  8
0
100
AcDbLine
 10
-496.3956729088071
 20
441.6431956955389
 30
0.0
 11
-542.7168082552838
 21
474.1216373383231
 31
0.0
  0
LINE
  5
127
330
1F
100
AcDbEntity
  8
0
100
AcDbLine
 10
-548.2991016287896
 20
355.3595810262125
 30
0.0
 11
-550.1024494654256
 21
316.9939166264385
 31
0.0
  0
LINE
  5
128
330
1F
100
AcDbEntity
  8
0
100
AcDbLine
 10
-544.8585603562129
 20
428.5563353023759
 30
0.0
 11
-546.9972434186207
 21
383.0563263817697
 31
0.0
  0
LINE
  5
129
330
1F
100
AcDbEntity
  8
0
100
AcDbLine
 10
-553.2551250508926
 20
428.9510075479626
 30
0.0
 11
-551.9532668407363
 21
456.6477529035184
 31
0.0
  0
LINE
  5
12A
330
1F
100
AcDbEntity
  8
0
100
AcDbLine
 10
-556.6956663234696
 20
355.7542532718003
 30
0.0
 11
-548.2991016287896
 21
355.3595810262125
 31
0.0
  0
LINE
  5
12B
330
1F
100
AcDbEntity
  8
0
100
AcDbLine
 10
-489.3921140349389
 20
411.6126328463495
 30
0.0
 11
-490.6939722451035
 21
383.9158874907931
 31
0.0
  0
LINE
  5
12C
330
1F
100
AcDbEntity
  8
0
100
AcDbLine
 10
-543.5567021460462
 20
456.253080657931
 30
0.0
 11
-551.9532668407363
 21
456.6477529035184
 31
0.0
  0
LINE
  5
12D
330
1F
100
AcDbEntity
  8
0
100
AcDbLine
 10
-490.6939722451035
 20
383.9158874907931
 30
0.0
 11
-499.0905369397864
 21
384.3105597363805
 31
0.0
  0
LINE
  5
12E
330
1F
100
AcDbEntity
  8
0
100
AcDbLine
 10
-489.3921140349389
 20
411.6126328463495
 30
0.0
 11
-497.7886787296189
 21
412.0073050919373
 31
0.0
  0
LINE
  5
12F
330
1F
100
AcDbEntity
  8
0
100
AcDbLine
 10
-553.2551250508926
 20
428.9510075479626
 30
0.0
 11
-544.8585603562129
 21
428.5563353023759
 31
0.0
  0
LINE
  5
130
330
1F
100
AcDbEntity
  8
0
100
AcDbLine
 10
-543.5567021460462
 20
456.253080657931
 30
0.0
 11
-542.7168082552838
 21
474.1216373383231
 31
0.0
  0
LINE
  5
131
330
1F
100
AcDbEntity
  8
0
100
AcDbLine
 10
-497.7886787296189
 20
412.0073050919373
 30
0.0
 11
-496.3956729088071
 21
441.6431956955389
 31
0.0
  0
LINE
  5
132
330
1F
100
AcDbEntity
  8
0
100
AcDbLine
 10
-546.9972434186207
 20
383.0563263817697
 30
0.0
 11
-555.3938081133093
 21
383.4509986273567
 31
0.0
  0
LINE
  5
133
330
1F
100
AcDbEntity
  8
0
100
AcDbLine
 10
-138.3711521769154
 20
7.534950020596767
 30
0.0
 11
-138.3711521769154
 21
35.26227477597097
 31
0.0
  0
LINE
  5
134
330
1F
100
AcDbEntity
  8
0
100
AcDbLine
 10
-132.3711521769167
 20
-5.139619536362949
 30
0.0
 11
-132.3711521769167
 21
7.534950020598934
 31
0.0
  0
LINE
  5
135
330
1F
100
AcDbEntity
  8
0
100
AcDbLine
 10
-90.27137116333819
 20
-5.139619536362949
 30
0.0
 11
-132.3711521769167
 21
-5.139619536362949
 31
0.0
  0
LINE
  5
136
330
1F
100
AcDbEntity
  8
0
100
AcDbLine
 10
-90.27137116333782
 20
21.7866097225772
 30
0.0
 11
-90.27137116333819
 21
-5.13961953636295
 31
0.0
  0
LINE
  5
137
330
1F
100
AcDbEntity
  8
0
100
AcDbLine
 10
-90.27137116333782
 20
21.7866097225772
 30
0.0
 11
-96.27137116333755
 21
21.78660972257711
 31
0.0
  0
LINE
  5
138
330
1F
100
AcDbEntity
  8
0
100
AcDbLine
 10
-96.27137116333755
 20
21.78660972257711
 30
0.0
 11
-96.27137116333826
 21
48.71511485569798
 31
0.0
  0
LINE
  5
139
330
1F
100
AcDbEntity
  8
0
100
AcDbLine
 10
-132.3711521769167
 20
48.72424358454373
 30
0.0
 11
-96.27137116333826
 21
48.71511485569798
 31
0.0
  0
LINE
  5
13A
330
1F
100
AcDbEntity
  8
0
100
AcDbLine
 10
-132.3711521769167
 20
48.72424358454373
 30
0.0
 11
-132.3711521769167
 21
35.26227477597151
 31
0.0
  0
LINE
  5
13B
330
1F
100
AcDbEntity
  8
0
100
AcDbLine
 10
-132.3711521769167
 20
35.26227477597151
 30
0.0
 11
-138.3711521769154
 21
35.26227477597097
 31
0.0
  0
LINE
  5
13C
330
1F
100
AcDbEntity
  8
0
100
AcDbLine
 10
-80.90835647285059
 20
21.78660972257711
 30
0.0
 11
-80.90835647285059
 21
48.71283898151505
 31
0.0
  0
LINE
  5
13D
330
1F
100
AcDbEntity
  8
0
100
AcDbLine
 10
-80.90835647285059
 20
48.71283898151505
 30
0.0
 11
-68.90835647285186
 21
48.71283898151505
 31
0.0
  0
LINE
  5
13E
330
1F
100
AcDbEntity
  8
0
100
AcDbLine
 10
-140.8197218354427
 20
339.6899426858711
 30
0.0
 11
-140.8197218354427
 21
373.1923457272579
 31
0.0
  0
LINE
  5
13F
330
1F
100
AcDbEntity
  8
0
100
AcDbLine
 10
-140.8197218354427
 20
373.1923457272579
 30
0.0
 11
-146.3651867865182
 21
373.1923457272579
 31
0.0
  0
LINE
  5
140
330
1F
100
AcDbEntity
  8
0
100
AcDbLine
 10
-112.8302855117166
 20
618.5729887976708
 30
0.0
 11
-115.9396543509399
 21
624.1575886444497
 31
0.0
  0
LINE
  5
141
330
1F
100
AcDbEntity
  8
0
100
AcDbLine
 10
-101.802722155485
 20
636.8054275846465
 30
0.0
 11
-115.9396543509399
 21
624.1575886444497
 31
0.0
  0
LINE
  5
142
330
1F
100
AcDbEntity
  8
0
100
AcDbLine
 10
-103.0840672831658
 20
639.9100939980026
 30
0.0
 11
-101.802722155485
 21
636.8054275846465
 31
0.0
  0
LINE
  5
143
330
1F
100
AcDbEntity
  8
0
100
AcDbLine
 10
-112.456064190731
 20
657.4542567053711
 30
0.0
 11
-103.0840672831658
 21
639.9100939980026
 31
0.0
  0
LINE
  5
144
330
1F
100
AcDbEntity
  8
0
100
AcDbLine
 10
-112.456064190731
 20
657.4542567053711
 30
0.0
 11
-116.59026229885
 21
652.4843924568725
 31
0.0
  0
LINE
  5
145
330
1F
100
AcDbEntity
  8
0
100
AcDbLine
 10
-116.59026229885
 20
652.4843924568725
 30
0.0
 11
-118.2366071460235
 21
649.6814501946078
 31
0.0
  0
LINE
  5
146
330
1F
100
AcDbEntity
  8
0
100
AcDbLine
 10
-118.2366071460235
 20
649.6814501946078
 30
0.0
 11
-123.0336296612074
 21
637.2505274469064
 31
0.0
  0
LINE
  5
147
330
1F
100
AcDbEntity
  8
0
100
AcDbLine
 10
-123.0336296612074
 20
637.2505274469064
 30
0.0
 11
-125.4001670357282
 21
629.0299225144131
 31
0.0
  0
LINE
  5
148
330
1F
100
AcDbEntity
  8
0
100
AcDbLine
 10
-125.4001670357282
 20
629.0299225144131
 30
0.0
 11
-134.2693784481859
 21
583.4809513430041
 31
0.0
  0
LINE
  5
149
330
1F
100
AcDbEntity
  8
0
100
AcDbLine
 10
-134.2693784481859
 20
583.4809513430041
 30
0.0
 11
-144.8828490044652
 21
469.3954691037121
 31
0.0
  0
LINE
  5
14A
330
1F
100
AcDbEntity
  8
0
100
AcDbLine
 10
-146.3651867865182
 20
416.245855009922
 30
0.0
 11
-144.8828490044652
 21
469.3954691037121
 31
0.0
  0
LINE
  5
14B
330
1F
100
AcDbEntity
  8
0
100
AcDbLine
 10
-146.3651867865182
 20
416.245855009922
 30
0.0
 11
-146.3651867865182
 21
373.1923457272579
 31
0.0
  0
LINE
  5
14C
330
1F
100
AcDbEntity
  8
0
100
AcDbLine
 10
-140.8197218354427
 20
339.6899426858711
 30
0.0
 11
-146.3651867865179
 21
339.6899426858711
 31
0.0
  0
LINE
  5
14D
330
1F
100
AcDbEntity
  8
0
100
AcDbLine
 10
-146.3651867865179
 20
339.6899426858711
 30
0.0
 11
-146.3651867865182
 21
312.8868620890092
 31
0.0
  0
LINE
  5
14E
330
1F
100
AcDbEntity
  8
0
100
AcDbLine
 10
-140.8197218354427
 20
312.8868620890092
 30
0.0
 11
-140.8197218354427
 21
290.9147187186541
 31
0.0
  0
LINE
  5
14F
330
1F
100
AcDbEntity
  8
0
100
AcDbLine
 10
-125.8197218354429
 20
302.4427618197876
 30
0.0
 11
-140.8197218354427
 21
290.9147187186541
 31
0.0
  0
LINE
  5
150
330
1F
100
AcDbEntity
  8
0
100
AcDbLine
 10
-125.8197218354429
 20
302.4427618197876
 30
0.0
 11
-125.8197218354425
 21
316.500978639478
 31
0.0
  0
LINE
  5
151
330
1F
100
AcDbEntity
  8
0
100
AcDbLine
 10
-125.8197218354425
 20
316.500978639478
 30
0.0
 11
-98.49267329740205
 21
337.5028048643644
 31
0.0
  0
LINE
  5
152
330
1F
100
AcDbEntity
  8
0
100
AcDbLine
 10
-86.49267329740297
 20
367.5028048643644
 30
0.0
 11
-86.4926732974037
 21
337.5028048643644
 31
0.0
  0
LINE
  5
153
330
1F
100
AcDbEntity
  8
0
100
AcDbLine
 10
-98.49267329740242
 20
414.7821277331343
 30
0.0
 11
-111.8265360097227
 21
427.4743611672359
 31
0.0
  0
LINE
  5
154
330
1F
100
AcDbEntity
  8
0
100
AcDbLine
 10
-95.27225916777458
 20
448.0767428018644
 30
0.0
 11
-94.76667046768669
 21
440.6097622385232
 31
0.0
  0
LINE
  5
155
330
1F
100
AcDbEntity
  8
0
100
AcDbLine
 10
-105.9421698561282
 20
516.8432117874002
 30
0.0
 11
-116.2012063754509
 21
530.2189126913872
 31
0.0
  0
LINE
  5
156
330
1F
100
AcDbEntity
  8
0
100
AcDbLine
 10
-102.2957217896292
 20
551.8054433760683
 30
0.0
 11
-101.7400212647394
 21
543.5983671148606
 31
0.0
  0
LINE
  5
157
330
1F
100
AcDbEntity
  8
0
100
AcDbLine
 10
-348.6128605907013
 20
188.5008061098474
 30
0.0
 11
-338.9176867421905
 21
188.5008061098474
 31
0.0
  0
LINE
  5
158
330
1F
100
AcDbEntity
  8
0
100
AcDbLine
 10
-367.0977437609488
 20
179.71717939601
 30
0.0
 11
-348.6128605907015
 21
179.7171793960104
 31
0.0
  0
LINE
  5
159
330
1F
100
AcDbEntity
  8
0
100
AcDbLine
 10
-367.097743760949
 20
188.5008061098476
 30
0.0
 11
-382.1176212265393
 21
188.5008061098478
 31
0.0
  0
LINE
  5
15A
330
1F
100
AcDbEntity
  8
0
100
AcDbLine
 10
-362.5921430310747
 20
241.5974248064083
 30
0.0
 11
-382.1176212265393
 21
188.5008061098478
 31
0.0
  0
LINE
  5
15B
330
1F
100
AcDbEntity
  8
0
100
AcDbLine
 10
-354.7310624422051
 20
241.5974248064086
 30
0.0
 11
-362.5921430310747
 21
241.5974248064083
 31
0.0
  0
LINE
  5
15C
330
1F
100
AcDbEntity
  8
0
100
AcDbLine
 10
-354.7310624422051
 20
249.1646782340814
 30
0.0
 11
-345.1726560413759
 21
249.164678234081
 31
0.0
  0
LINE
  5
15D
330
1F
100
AcDbEntity
  8
0
100
AcDbLine
 10
-338.9176867421907
 20
241.5974248064075
 30
0.0
 11
-345.1726560413753
 21
241.5974248064075
 31
0.0
  0
LINE
  5
15E
330
1F
100
AcDbEntity
  8
0
100
AcDbLine
 10
-338.9176867421905
 20
188.5008061098474
 30
0.0
 11
-338.9176867421907
 21
241.5974248064075
 31
0.0
  0
LINE
  5
15F
330
1F
100
AcDbEntity
  8
0
100
AcDbLine
 10
-364.2525928249193
 20
-175.7269776269657
 30
0.0
 11
-370.2525928249185
 21
-175.7269776269657
 31
0.0
  0
LINE
  5
160
330
1F
100
AcDbEntity
  8
0
100
AcDbLine
 10
-364.2525928249193
 20
-147.9996528715946
 30
0.0
 11
-370.2525928249185
 21
-147.9996528715946
 31
0.0
  0
LINE
  5
161
330
1F
100
AcDbEntity
  8
0
100
AcDbLine
 10
-364.2525928249193
 20
-80.25322265241144
 30
0.0
 11
-370.2525928249185
 21
-80.25322265241144
 31
0.0
  0
LINE
  5
162
330
1F
100
AcDbEntity
  8
0
100
AcDbLine
 10
-364.2525928249193
 20
-52.52589789704084
 30
0.0
 11
-370.2525928249185
 21
-52.52589789704084
 31
0.0
  0
LINE
  5
163
330
1F
100
AcDbEntity
  8
0
100
AcDbLine
 10
-363.6907243801886
 20
52.53022762132123
 30
0.0
 11
-357.7200817650486
 21
51.93741503517615
 31
0.0
  0
LINE
  5
164
330
1F
100
AcDbEntity
  8
0
100
AcDbLine
 10
-366.4302422293647
 20
24.93856982328253
 30
0.0
 11
-360.4595996142245
 21
24.34575723713854
 31
0.0
  0
LINE
  5
165
330
1F
100
AcDbEntity
  8
0
100
AcDbLine
 10
-353.2196220548724
 20
97.26478689163464
 30
0.0
 11
-359.1902646700095
 21
97.85759947777999
 31
0.0
  0
LINE
  5
166
330
1F
100
AcDbEntity
  8
0
100
AcDbLine
 10
-350.4801042056932
 20
124.856444689672
 30
0.0
 11
-356.4507468208335
 21
125.4492572758145
 31
0.0
  0
LINE
  5
167
330
1F
100
AcDbEntity
  8
0
100
AcDbLine
 10
-341.9580550871388
 20
-423.8228158367219
 30
0.0
 11
-341.9580627942477
 21
-457.2676689331629
 31
0.0
  0
LINE
  5
168
330
1F
100
AcDbEntity
  8
0
100
AcDbLine
 10
-406.640423124786
 20
-387.4488563563647
 30
0.0
 11
-576.7600184804086
 21
-330.7423245711586
 31
0.0
  0
LINE
  5
169
330
1F
100
AcDbEntity
  8
0
100
AcDbLine
 10
-351.1431791106994
 20
-445.0161063197681
 30
0.0
 11
-357.1431791106991
 21
-445.0161063197681
 31
0.0
  0
LINE
  5
16A
330
1F
100
AcDbEntity
  8
0
100
AcDbLine
 10
-351.1431790091241
 20
-426.5312231495184
 30
0.0
 11
-357.1431790091264
 21
-426.5312231495183
 31
0.0
  0
LINE
  5
16B
330
1F
100
AcDbEntity
  8
0
100
AcDbLine
 10
-357.1431784505263
 20
-324.8751978642577
 30
0.0
 11
-351.1431784505255
 21
-324.8751978642577
 31
0.0
  0
LINE
  5
16C
330
1F
100
AcDbEntity
  8
0
100
AcDbLine
 10
-357.1431785521014
 20
-343.360081034507
 30
0.0
 11
-351.1431785520992
 21
-343.3600810345068
 31
0.0
  0
LINE
  5
16D
330
1F
100
AcDbEntity
  8
0
100
AcDbLine
 10
-351.1431656376793
 20
-249.4117322309578
 30
0.0
 11
-357.1431656376775
 21
-249.4117322309577
 31
0.0
  0
LINE
  5
16E
330
1F
100
AcDbEntity
  8
0
100
AcDbLine
 10
-351.1431633309846
 20
-230.9268490607131
 30
0.0
 11
-357.1431633309868
 21
-230.9268490607131
 31
0.0
  0
LINE
  5
16F
330
1F
100
AcDbEntity
  8
0
100
AcDbLine
 10
-364.2525928249193
 20
-384.666397586975
 30
0.0
 11
-370.2525928249185
 21
-384.6663975869739
 31
0.0
  0
LINE
  5
170
330
1F
100
AcDbEntity
  8
0
100
AcDbLine
 10
-364.2525928249193
 20
-356.9390728316011
 30
0.0
 11
-370.2525928249185
 21
-356.9390728316011
 31
0.0
  0
LINE
  5
171
330
1F
100
AcDbEntity
  8
0
100
AcDbLine
 10
-364.2525928249193
 20
-274.1985792604724
 30
0.0
 11
-370.2525928249185
 21
-274.1985792604705
 31
0.0
  0
LINE
  5
172
330
1F
100
AcDbEntity
  8
0
100
AcDbLine
 10
-364.2525928249193
 20
-246.4712545050989
 30
0.0
 11
-370.2525928249185
 21
-246.471254505099
 31
0.0
  0
LINE
  5
173
330
1F
100
AcDbEntity
  8
0
100
AcDbLine
 10
-178.4145945573926
 20
-423.8228158367219
 30
0.0
 11
-178.4145868502836
 21
-457.2676689331629
 31
0.0
  0
LINE
  5
174
330
1F
100
AcDbEntity
  8
0
100
AcDbLine
 10
-156.1200568196119
 20
-175.7269776269657
 30
0.0
 11
-150.1200568196125
 21
-175.7269776269657
 31
0.0
  0
LINE
  5
175
330
1F
100
AcDbEntity
  8
0
100
AcDbLine
 10
-150.1200568196125
 20
-147.9996528715948
 30
0.0
 11
-156.1200568196119
 21
-147.9996528715948
 31
0.0
  0
LINE
  5
176
330
1F
100
AcDbEntity
  8
0
100
AcDbLine
 10
-156.1200568196119
 20
-80.25322265241162
 30
0.0
 11
-150.1200568196125
 21
-80.25322265241162
 31
0.0
  0
LINE
  5
177
330
1F
100
AcDbEntity
  8
0
100
AcDbLine
 10
-150.1200568196125
 20
-52.52589789704102
 30
0.0
 11
-156.1200568196119
 21
-52.52589789704102
 31
0.0
  0
LINE
  5
178
330
1F
100
AcDbEntity
  8
0
100
AcDbLine
 10
-156.6819252643425
 20
52.53022762132105
 30
0.0
 11
-162.6525678794824
 21
51.93741503517597
 31
0.0
  0
LINE
  5
179
330
1F
100
AcDbEntity
  8
0
100
AcDbLine
 10
-159.9130500303066
 20
24.34575723713835
 30
0.0
 11
-153.9424074151664
 21
24.93856982328235
 31
0.0
  0
LINE
  5
17A
330
1F
100
AcDbEntity
  8
0
100
AcDbLine
 10
-167.1530275896587
 20
97.26478689163446
 30
0.0
 11
-161.1823849745217
 21
97.8575994777798
 31
0.0
  0
LINE
  5
17B
330
1F
100
AcDbEntity
  8
0
100
AcDbLine
 10
-163.9219028236975
 20
125.4492572758144
 30
0.0
 11
-169.892545438838
 21
124.8564446896718
 31
0.0
  0
LINE
  5
17C
330
1F
100
AcDbEntity
  8
0
100
AcDbLine
 10
-169.2294705338318
 20
-445.0161063197681
 30
0.0
 11
-163.2294705338321
 21
-445.0161063197681
 31
0.0
  0
LINE
  5
17D
330
1F
100
AcDbEntity
  8
0
100
AcDbLine
 10
-163.2294706354046
 20
-426.5312231495183
 30
0.0
 11
-169.2294706354069
 21
-426.5312231495184
 31
0.0
  0
LINE
  5
17E
330
1F
100
AcDbEntity
  8
0
100
AcDbLine
 10
-163.2294711940049
 20
-324.8751978642577
 30
0.0
 11
-169.2294711940057
 21
-324.8751978642577
 31
0.0
  0
LINE
  5
17F
330
1F
100
AcDbEntity
  8
0
100
AcDbLine
 10
-169.229471092432
 20
-343.3600810345068
 30
0.0
 11
-163.2294710924298
 21
-343.360081034507
 31
0.0
  0
LINE
  5
180
330
1F
100
AcDbEntity
  8
0
100
AcDbLine
 10
-169.229484006852
 20
-249.4117322309578
 30
0.0
 11
-163.2294840068537
 21
-249.4117322309577
 31
0.0
  0
LINE
  5
181
330
1F
100
AcDbEntity
  8
0
100
AcDbLine
 10
-163.2294863135444
 20
-230.9268490607131
 30
0.0
 11
-169.2294863135466
 21
-230.9268490607131
 31
0.0
  0
LINE
  5
182
330
1F
100
AcDbEntity
  8
0
100
AcDbLine
 10
-156.1200568196119
 20
-384.666397586975
 30
0.0
 11
-150.1200568196125
 21
-384.6663975869739
 31
0.0
  0
LINE
  5
183
330
1F
100
AcDbEntity
  8
0
100
AcDbLine
 10
-150.1200568196125
 20
-356.9390728316011
 30
0.0
 11
-156.1200568196119
 21
-356.9390728316011
 31
0.0
  0
LINE
  5
184
330
1F
100
AcDbEntity
  8
0
100
AcDbLine
 10
-156.1200568196119
 20
-274.1985792604724
 30
0.0
 11
-150.1200568196125
 21
-274.1985792604705
 31
0.0
  0
LINE
  5
185
330
1F
100
AcDbEntity
  8
0
100
AcDbLine
 10
-150.1200568196125
 20
-246.471254505099
 30
0.0
 11
-156.1200568196119
 21
-246.4712545050989
 31
0.0
  0
LINE
  5
186
330
1F
100
AcDbEntity
  8
0
100
AcDbLine
 10
51.71563639644395
 20
-130.9536831345777
 30
0.0
 11
43.37695483329239
 21
-130.9536831345777
 31
0.0
  0
LINE
  5
187
330
1F
100
AcDbEntity
  8
0
100
AcDbLine
 10
43.37695483329239
 20
-112.468799964328
 30
0.0
 11
51.71563639644395
 21
-112.4687999643279
 31
0.0
  0
LINE
  5
188
330
1F
100
AcDbEntity
  8
0
100
AcDbLine
 10
51.71563639644395
 20
-29.29765784931653
 30
0.0
 11
43.37695356043216
 21
-29.29765784931662
 31
0.0
  0
LINE
  5
189
330
1F
100
AcDbEntity
  8
0
100
AcDbLine
 10
43.37695356043216
 20
-10.81277467906748
 30
0.0
 11
51.71563639644395
 21
-10.81277467906748
 31
0.0
  0
LINE
  5
18A
330
1F
100
AcDbEntity
  8
0
100
AcDbLine
 10
51.71563639644395
 20
64.65069095423502
 30
0.0
 11
43.3769447728194
 21
64.65069095423817
 31
0.0
  0
LINE
  5
18B
330
1F
100
AcDbEntity
  8
0
100
AcDbLine
 10
43.3769447728194
 20
83.13557412448377
 30
0.0
 11
51.71563639644395
 21
83.13557412447717
 31
0.0
  0
LINE
  5
18C
330
1F
100
AcDbEntity
  8
0
100
AcDbLine
 10
-78.1557044401882
 20
546.6252322188095
 30
0.0
 11
-92.61688955089971
 21
533.2457777953362
 31
0.0
  0
LINE
  5
18D
330
1F
100
AcDbEntity
  8
0
100
AcDbLine
 10
-80.79611257613419
 20
496.8049141931514
 30
0.0
 11
-74.80981936580344
 21
497.2102456623918
 31
0.0
  0
LINE
  5
18E
330
1F
100
AcDbEntity
  8
0
100
AcDbLine
 10
-71.1823536431355
 20
443.6366273424723
 30
0.0
 11
-88.24221918517148
 21
430.501226271185
 31
0.0
  0
LINE
  5
18F
330
1F
100
AcDbEntity
  8
0
100
AcDbLine
 10
-74.90835647285087
 20
409.9507795217211
 30
0.0
 11
-68.90835647285294
 21
409.9507795217211
 31
0.0
  0
LINE
  5
190
330
1F
100
AcDbEntity
  8
0
100
AcDbLine
 10
-82.64497001349947
 20
612.9266720533146
 30
0.0
 11
-88.63126322382878
 21
612.5213405840709
 31
0.0
  0
LINE
  5
191
330
1F
100
AcDbEntity
  8
0
100
AcDbLine
 10
201.1655621262687
 20
214.9114056667688
 30
0.0
 11
207.165562126269
 21
214.9114056667688
 31
0.0
  0
LINE
  5
192
330
1F
100
AcDbEntity
  8
0
100
AcDbLine
 10
207.165562126269
 20
282.65783588595
 30
0.0
 11
201.1655621262687
 21
282.65783588595
 31
0.0
  0
LINE
  5
193
330
1F
100
AcDbEntity
  8
0
100
AcDbLine
 10
201.1655621262687
 20
310.3851606413237
 30
0.0
 11
207.165562126269
 21
310.3851606413237
 31
0.0
  0
LINE
  5
194
330
1F
100
AcDbEntity
  8
0
100
AcDbLine
 10
194.5305058973236
 20
415.7558770226401
 30
0.0
 11
200.5011686161353
 21
416.3484870952763
 31
0.0
  0
LINE
  5
195
330
1F
100
AcDbEntity
  8
0
100
AcDbLine
 10
191.7919239093506
 20
443.3476277083191
 30
0.0
 11
197.7625866281623
 21
443.9402377809554
 31
0.0
  0
LINE
  5
196
330
1F
100
AcDbEntity
  8
0
100
AcDbLine
 10
197.7625866281623
 20
443.9402377809554
 30
0.0
 11
194.9603867611145
 21
472.1729510765904
 31
0.0
  0
LINE
  5
197
330
1F
100
AcDbEntity
  8
0
100
AcDbLine
 10
142.1184771557579
 20
508.4454414029025
 30
0.0
 11
142.1184771557579
 21
514.6802959576957
 31
0.0
  0
LINE
  5
198
330
1F
100
AcDbEntity
  8
0
100
AcDbLine
 10
132.5600707549298
 20
508.4454414029021
 30
0.0
 11
132.5600707549298
 21
514.6802959576957
 31
0.0
  0
LINE
  5
199
330
1F
100
AcDbEntity
  8
0
100
AcDbLine
 10
-502.2533043793974
 20
182.7316628232211
 30
0.0
 11
-493.8437014132961
 21
182.7316628232226
 31
0.0
  0
LINE
  5
19A
330
1F
100
AcDbEntity
  8
0
100
AcDbLine
 10
-502.2533043793974
 20
250.4780930424018
 30
0.0
 11
-493.8437014132961
 21
250.4780930424036
 31
0.0
  0
LINE
  5
19B
330
1F
100
AcDbEntity
  8
0
100
AcDbLine
 10
-502.2533043793974
 20
278.2054177977755
 30
0.0
 11
-493.8437014132961
 21
278.2054177977773
 31
0.0
  0
LINE
  5
19C
330
1F
100
AcDbEntity
  8
0
100
AcDbLine
 10
-550.101038015878
 20
84.26006118971453
 30
0.0
 11
-558.5106409819809
 21
84.26006118971418
 31
0.0
  0
LINE
  5
19D
330
1F
100
AcDbEntity
  8
0
100
AcDbLine
 10
-550.101038015878
 20
-26.20775713678852
 30
0.0
 11
-558.5106409819809
 21
-26.20775713678852
 31
0.0
  0
LINE
  5
19E
330
1F
100
AcDbEntity
  8
0
100
AcDbLine
 10
-493.8437014132961
 20
155.0043380678493
 30
0.0
 11
-502.2533043793974
 21
155.0043380678478
 31
0.0
  0
LINE
  5
19F
330
1F
100
AcDbEntity
  8
0
100
AcDbLine
 10
-550.1010380158783
 20
278.2054177977755
 30
0.0
 11
-558.5106409819809
 21
278.205417797774
 31
0.0
  0
LINE
  5
1A0
330
1F
100
AcDbEntity
  8
0
100
AcDbLine
 10
-550.1010380158783
 20
182.7316628232208
 30
0.0
 11
-558.5106409819809
 21
182.7316628232211
 31
0.0
  0
LINE
  5
1A1
330
1F
100
AcDbEntity
  8
0
100
AcDbLine
 10
45.44464078521737
 20
214.9114056667688
 30
0.0
 11
39.4446407852173
 21
214.9114056667688
 31
0.0
  0
LINE
  5
1A2
330
1F
100
AcDbEntity
  8
0
100
AcDbLine
 10
48.8476162833238
 20
443.9402377809554
 30
0.0
 11
51.64981615037232
 21
472.1729510765904
 31
0.0
  0
LINE
  5
1A3
330
1F
100
AcDbEntity
  8
0
100
AcDbLine
 10
104.4917257557294
 20
508.4454414029025
 30
0.0
 11
104.4917257557294
 21
514.6802959576957
 31
0.0
  0
LINE
  5
1A4
330
1F
100
AcDbEntity
  8
0
100
AcDbLine
 10
52.07969701416316
 20
415.7558770226401
 30
0.0
 11
46.10903429535075
 21
416.3484870952763
 31
0.0
  0
LINE
  5
1A5
330
1F
100
AcDbEntity
  8
0
100
AcDbLine
 10
54.8182790021362
 20
443.3476277083191
 30
0.0
 11
48.8476162833238
 21
443.9402377809554
 31
0.0
  0
LINE
  5
1A6
330
1F
100
AcDbEntity
  8
0
100
AcDbLine
 10
45.44464078521737
 20
310.3851606413237
 30
0.0
 11
39.4446407852173
 21
310.3851606413237
 31
0.0
  0
LINE
  5
1A7
330
1F
100
AcDbEntity
  8
0
100
AcDbLine
 10
45.44464078521737
 20
282.65783588595
 30
0.0
 11
39.4446407852173
 21
282.65783588595
 31
0.0
  0
LINE
  5
1A8
330
1F
100
AcDbEntity
  8
0
100
AcDbLine
 10
114.0501321565567
 20
514.6802959576957
 30
0.0
 11
114.0501321565567
 21
508.4454414029021
 31
0.0
  0
LINE
  5
1A9
330
1F
100
AcDbEntity
  8
0
100
AcDbLine
 10
-138.3711521769154
 20
7.534950020596767
 30
0.0
 11
-132.3711521769167
 21
7.534950020598934
 31
0.0
  0
LINE
  5
1AA
330
1F
100
AcDbEntity
  8
0
100
AcDbLine
 10
-102.2957217896292
 20
551.8054433760683
 30
0.0
 11
-108.2820149999534
 21
551.4001119068282
 31
0.0
  0
LINE
  5
1AB
330
1F
100
AcDbEntity
  8
0
100
AcDbLine
 10
-108.2820149999534
 20
551.4001119068282
 30
0.0
 11
-112.8302855117166
 21
618.5729887976708
 31
0.0
  0
LINE
  5
1AC
330
1F
100
AcDbEntity
  8
0
100
AcDbLine
 10
-146.3651867865182
 20
312.8868620890092
 30
0.0
 11
-140.8197218354427
 21
312.8868620890092
 31
0.0
  0
LINE
  5
1AD
330
1F
100
AcDbEntity
  8
0
100
AcDbLine
 10
-98.49267329740205
 20
337.5028048643644
 30
0.0
 11
-86.4926732974037
 21
337.5028048643644
 31
0.0
  0
LINE
  5
1AE
330
1F
100
AcDbEntity
  8
0
100
AcDbLine
 10
-98.49267329740169
 20
367.5028048643644
 30
0.0
 11
-86.49267329740297
 21
367.5028048643644
 31
0.0
  0
LINE
  5
1AF
330
1F
100
AcDbEntity
  8
0
100
AcDbLine
 10
-98.49267329740169
 20
367.5028048643644
 30
0.0
 11
-98.49267329740242
 21
414.7821277331343
 31
0.0
  0
LINE
  5
1B0
330
1F
100
AcDbEntity
  8
0
100
AcDbLine
 10
-111.8265360097227
 20
427.4743611672359
 30
0.0
 11
-94.76667046768669
 21
440.6097622385232
 31
0.0
  0
LINE
  5
1B1
330
1F
100
AcDbEntity
  8
0
100
AcDbLine
 10
-95.27225916777458
 20
448.0767428018644
 30
0.0
 11
-101.2585523781295
 21
447.6714113326185
 31
0.0
  0
LINE
  5
1B2
330
1F
100
AcDbEntity
  8
0
100
AcDbLine
 10
-101.2585523781295
 20
447.6714113326185
 30
0.0
 11
-105.9421698561282
 21
516.8432117874002
 31
0.0
  0
LINE
  5
1B3
330
1F
100
AcDbEntity
  8
0
100
AcDbLine
 10
-116.2012063754509
 20
530.2189126913872
 30
0.0
 11
-101.7400212647394
 21
543.5983671148606
 31
0.0
  0
LINE
  5
1B4
330
1F
100
AcDbEntity
  8
0
100
AcDbLine
 10
-348.6128605907013
 20
188.5008061098474
 30
0.0
 11
-348.6128605907015
 21
179.7171793960104
 31
0.0
  0
LINE
  5
1B5
330
1F
100
AcDbEntity
  8
0
100
AcDbLine
 10
-367.0977437609488
 20
179.71717939601
 30
0.0
 11
-367.097743760949
 21
188.5008061098476
 31
0.0
  0
LINE
  5
1B6
330
1F
100
AcDbEntity
  8
0
100
AcDbLine
 10
-354.7310624422051
 20
241.5974248064086
 30
0.0
 11
-354.7310624422051
 21
249.1646782340814
 31
0.0
  0
LINE
  5
1B7
330
1F
100
AcDbEntity
  8
0
100
AcDbLine
 10
-345.1726560413759
 20
249.164678234081
 30
0.0
 11
-345.1726560413753
 21
241.5974248064075
 31
0.0
  0
ENDSEC
  0
SECTION
  2
OBJECTS
  0
DICTIONARY
  5
C
330
0
100
AcDbDictionary
  3
ACAD_GROUP
350
D
  3
ACAD_LAYOUT
350
1A
  3
ACAD_MLINESTYLE
350
17
  3
ACAD_PLOTSETTINGS
350
19
  3
ACAD_TABLESTYLE
350
2A
  3
ACDBHEADERROUNDTRIPXREC
350
1B8
  3
ACDBVARIABLEDICTIONARY
350
2C
  0
DICTIONARY
  5
1D8
330
29
100
AcDbDictionary
280
     1
  3
ACAD_XREC_ROUNDTRIP
360
1D9
  0
DICTIONARY
  5
D
102
{ACAD_REACTORS
330
C
102
}
330
C
100
AcDbDictionary
  0
DICTIONARY
  5
1A
102
{ACAD_REACTORS
330
C
102
}
330
C
100
AcDbDictionary
  0
DICTIONARY
  5
17
102
{ACAD_REACTORS
330
C
102
}
330
C
100
AcDbDictionary
  3
STANDARD
350
18
  0
DICTIONARY
  5
19
102
{ACAD_REACTORS
330
C
102
}
330
C
100
AcDbDictionary
  0
DICTIONARY
  5
2A
102
{ACAD_REACTORS
330
C
102
}
330
C
100
AcDbDictionary
  3
STANDARD
350
2B
  0
DICTIONARY
  5
1B8
102
{ACAD_REACTORS
330
C
102
}
330
C
100
AcDbDictionary
  3
CEPSNTYPE
350
1C1
  3
DIMSTYLEDATA
350
1D7
  3
FINGERPRINTGUID
350
1C2
  3
HYPERLINKBASE
350
1BB
  3
INSUNITS
350
1C0
  3
LAYOUTDICT
350
1BD
  3
LWETCUNION
350
1BF
  3
PLOTSETDICT
350
1BE
  3
PSVPSCALE
350
1C4
  3
PUCSBASE
350
1C7
  3
PUCSORGBACK
350
1CD
  3
PUCSORGBOTTOM
350
1C9
  3
PUCSORGFRONT
350
1CC
  3
PUCSORGLEFT
350
1CA
  3
PUCSORGRIGHT
350
1CB
  3
PUCSORGTOP
350
1C8
  3
PUCSORTHOREF
350
1C5
  3
PUCSORTHOVIEW
350
1C6
  3
STYLESHEET
350
1BC
  3
TSTACKALIGN
350
1B9
  3
TSTACKSIZE
350
1BA
  3
UCSBASE
350
1D0
  3
UCSORGBACK
350
1D6
  3
UCSORGBOTTOM
350
1D2
  3
UCSORGFRONT
350
1D5
  3
UCSORGLEFT
350
1D3
  3
UCSORGRIGHT
350
1D4
  3
UCSORGTOP
350
1D1
  3
UCSORTHOREF
350
1CE
  3
UCSORTHOVIEW
350
1CF
  3
VERSIONGUID
350
1C3
  0
DICTIONARY
  5
2C
102
{ACAD_REACTORS
330
C
102
}
330
C
100
AcDbDictionary
  3
CTABLESTYLE
350
2D
  0
XRECORD
  5
1D9
102
{ACAD_REACTORS
330
1D8
102
}
330
1D8
100
AcDbXrecord
102
UCS
 74
     0
 71
     1
 10
0.0
 20
0.0
 30
0.0
 10
1.0
 20
0.0
 30
0.0
 10
0.0
 20
1.0
 30
0.0
146
0.0
 79
     0
102
VIEW
281
     0
  0
MLINESTYLE
  5
18
102
{ACAD_REACTORS
330
17
102
}
330
17
100
AcDbMlineStyle
  2
Standard
 70
     0
  3

 62
   256
 51
90.0
 52
90.0
 71
     2
 49
0.5
 62
   256
  6
BYLAYER
 49
-0.5
 62
   256
  6
BYLAYER
  0
TABLESTYLE
  5
2B
102
{ACAD_REACTORS
330
2A
102
}
330
2A
100
AcDbTableStyle
  3
Standard
 70
     0
 71
     0
 40
0.06
 41
0.06
280
     0
281
     0
  7
STANDARD
140
0.18
170
     2
 62
     0
 63
     7
283
     0
274
    -2
284
     1
 64
     0
275
    -2
285
     1
 65
     0
276
    -2
286
     1
 66
     0
277
    -2
287
     1
 67
     0
278
    -2
288
     1
 68
     0
279
    -2
289
     1
 69
     0
  7
STANDARD
140
0.25
170
     5
 62
     0
 63
     7
283
     0
274
    -2
284
     1
 64
     0
275
    -2
285
     1
 65
     0
276
    -2
286
     1
 66
     0
277
    -2
287
     1
 67
     0
278
    -2
288
     1
 68
     0
279
    -2
289
     1
 69
     0
  7
STANDARD
140
0.18
170
     5
 62
     0
 63
     7
283
     0
274
    -2
284
     1
 64
     0
275
    -2
285
     1
 65
     0
276
    -2
286
     1
 66
     0
277
    -2
287
     1
 67
     0
278
    -2
288
     1
 68
     0
279
    -2
289
     1
 69
     0
  0
XRECORD
  5
1C1
102
{ACAD_REACTORS
330
1B8
102
}
330
1B8
100
AcDbXrecord
 90
        0
  0
XRECORD
  5
1D7
102
{ACAD_REACTORS
330
1B8
102
}
330
1B8
100
AcDbXrecord
1000
DSTYLE
1002
{
1070
   340
340
11
1002
}
  0
XRECORD
  5
1C2
102
{ACAD_REACTORS
330
1B8
102
}
330
1B8
100
AcDbXrecord
  1
{FAEB1C30-E019-11D5-929B-00C0DF256EC4}
  0
XRECORD
  5
1BB
102
{ACAD_REACTORS
330
1B8
102
}
330
1B8
100
AcDbXrecord
  1

  0
XRECORD
  5
1C0
102
{ACAD_REACTORS
330
1B8
102
}
330
1B8
100
AcDbXrecord
 90
        1
  0
XRECORD
  5
1BD
102
{ACAD_REACTORS
330
1B8
102
}
330
1B8
100
AcDbXrecord
340
1A
  0
XRECORD
  5
1BF
102
{ACAD_REACTORS
330
1B8
102
}
330
1B8
100
AcDbXrecord
 90
     2560
  0
XRECORD
  5
1BE
102
{ACAD_REACTORS
330
1B8
102
}
330
1B8
100
AcDbXrecord
340
19
  0
XRECORD
  5
1C4
102
{ACAD_REACTORS
330
1B8
102
}
330
1B8
100
AcDbXrecord
 40
0.0
  0
XRECORD
  5
1C7
102
{ACAD_REACTORS
330
1B8
102
}
330
1B8
100
AcDbXrecord
340
0
  0
XRECORD
  5
1CD
102
{ACAD_REACTORS
330
1B8
102
}
330
1B8
100
AcDbXrecord
 10
0.0
 20
0.0
 30
0.0
  0
XRECORD
  5
1C9
102
{ACAD_REACTORS
330
1B8
102
}
330
1B8
100
AcDbXrecord
 10
0.0
 20
0.0
 30
0.0
  0
XRECORD
  5
1CC
102
{ACAD_REACTORS
330
1B8
102
}
330
1B8
100
AcDbXrecord
 10
0.0
 20
0.0
 30
0.0
  0
XRECORD
  5
1CA
102
{ACAD_REACTORS
330
1B8
102
}
330
1B8
100
AcDbXrecord
 10
0.0
 20
0.0
 30
0.0
  0
XRECORD
  5
1CB
102
{ACAD_REACTORS
330
1B8
102
}
330
1B8
100
AcDbXrecord
 10
0.0
 20
0.0
 30
0.0
  0
XRECORD
  5
1C8
102
{ACAD_REACTORS
330
1B8
102
}
330
1B8
100
AcDbXrecord
 10
0.0
 20
0.0
 30
0.0
  0
XRECORD
  5
1C5
102
{ACAD_REACTORS
330
1B8
102
}
330
1B8
100
AcDbXrecord
340
0
  0
XRECORD
  5
1C6
102
{ACAD_REACTORS
330
1B8
102
}
330
1B8
100
AcDbXrecord
 70
     0
  0
XRECORD
  5
1BC
102
{ACAD_REACTORS
330
1B8
102
}
330
1B8
100
AcDbXrecord
  1

  0
XRECORD
  5
1B9
102
{ACAD_REACTORS
330
1B8
102
}
330
1B8
100
AcDbXrecord
 90
        1
  0
XRECORD
  5
1BA
102
{ACAD_REACTORS
330
1B8
102
}
330
1B8
100
AcDbXrecord
 90
       70
  0
XRECORD
  5
1D0
102
{ACAD_REACTORS
330
1B8
102
}
330
1B8
100
AcDbXrecord
340
0
  0
XRECORD
  5
1D6
102
{ACAD_REACTORS
330
1B8
102
}
330
1B8
100
AcDbXrecord
 10
0.0
 20
0.0
 30
0.0
  0
XRECORD
  5
1D2
102
{ACAD_REACTORS
330
1B8
102
}
330
1B8
100
AcDbXrecord
 10
0.0
 20
0.0
 30
0.0
  0
XRECORD
  5
1D5
102
{ACAD_REACTORS
330
1B8
102
}
330
1B8
100
AcDbXrecord
 10
0.0
 20
0.0
 30
0.0
  0
XRECORD
  5
1D3
102
{ACAD_REACTORS
330
1B8
102
}
330
1B8
100
AcDbXrecord
 10
0.0
 20
0.0
 30
0.0
  0
XRECORD
  5
1D4
102
{ACAD_REACTORS
330
1B8
102
}
330
1B8
100
AcDbXrecord
 10
0.0
 20
0.0
 30
0.0
  0
XRECORD
  5
1D1
102
{ACAD_REACTORS
330
1B8
102
}
330
1B8
100
AcDbXrecord
 10
0.0
 20
0.0
 30
0.0
  0
XRECORD
  5
1CE
102
{ACAD_REACTORS
330
1B8
102
}
330
1B8
100
AcDbXrecord
340
0
  0
XRECORD
  5
1CF
102
{ACAD_REACTORS
330
1B8
102
}
330
1B8
100
AcDbXrecord
 70
     0
  0
XRECORD
  5
1C3
102
{ACAD_REACTORS
330
1B8
102
}
330
1B8
100
AcDbXrecord
  1
{FAEB1C32-E019-11D5-929B-00C0DF256EC4}
  0
DICTIONARYVAR
  5
2D
102
{ACAD_REACTORS
330
2C
102
}
330
2C
100
DictionaryVariables
280
     0
  1
Standard
  0
ENDSEC
  0
EOF
