  0
SECTION
  2
HEADER
  9
$ACADVER
  1
AC1014
  9
$ACADMAINTVER
 70
     9
  9
$DWGCODEPAGE
  3
ANSI_1252
  9
$INSBASE
 10
0.0
 20
0.0
 30
0.0
  9
$EXTMIN
 10
1.000000000000000E+20
 20
1.000000000000000E+20
 30
1.000000000000000E+20
  9
$EXTMAX
 10
-1.000000000000000E+20
 20
-1.000000000000000E+20
 30
-1.000000000000000E+20
  9
$LIMMIN
 10
0.0
 20
0.0
  9
$LIMMAX
 10
12.0
 20
9.0
  9
$ORTHOMODE
 70
     0
  9
$REGENMODE
 70
     1
  9
$FILLMODE
 70
     1
  9
$QTEXTMODE
 70
     0
  9
$MIRRTEXT
 70
     1
  9
$DRAGMODE
 70
     2
  9
$LTSCALE
 40
1.0
  9
$OSMODE
 70
    37
  9
$ATTMODE
 70
     1
  9
$TEXTSIZE
 40
0.2
  9
$TRACEWID
 40
0.05
  9
$TEXTSTYLE
  7
STANDARD
  9
$CLAYER
  8
0
  9
$CELTYPE
  6
BYLAYER
  9
$CECOLOR
 62
   256
  9
$CELTSCALE
 40
1.0
  9
$DELOBJ
 70
     1
  9
$DISPSILH
 70
     0
  9
$DIMSCALE
 40
1.0
  9
$DIMASZ
 40
0.18
  9
$DIMEXO
 40
0.0625
  9
$DIMDLI
 40
0.38
  9
$DIMRND
 40
0.0
  9
$DIMDLE
 40
0.0
  9
$DIMEXE
 40
0.18
  9
$DIMTP
 40
0.0
  9
$DIMTM
 40
0.0
  9
$DIMTXT
 40
0.18
  9
$DIMCEN
 40
0.09
  9
$DIMTSZ
 40
0.0
  9
$DIMTOL
 70
     0
  9
$DIMLIM
 70
     0
  9
$DIMTIH
 70
     1
  9
$DIMTOH
 70
     1
  9
$DIMSE1
 70
     0
  9
$DIMSE2
 70
     0
  9
$DIMTAD
 70
     0
  9
$DIMZIN
 70
     0
  9
$DIMBLK
  1

  9
$DIMASO
 70
     1
  9
$DIMSHO
 70
     1
  9
$DIMPOST
  1

  9
$DIMAPOST
  1

  9
$DIMALT
 70
     0
  9
$DIMALTD
 70
     2
  9
$DIMALTF
 40
25.4
  9
$DIMLFAC
 40
1.0
  9
$DIMTOFL
 70
     0
  9
$DIMTVP
 40
0.0
  9
$DIMTIX
 70
     0
  9
$DIMSOXD
 70
     0
  9
$DIMSAH
 70
     0
  9
$DIMBLK1
  1

  9
$DIMBLK2
  1

  9
$DIMSTYLE
  2
STANDARD
  9
$DIMCLRD
 70
     0
  9
$DIMCLRE
 70
     0
  9
$DIMCLRT
 70
     0
  9
$DIMTFAC
 40
1.0
  9
$DIMGAP
 40
0.09
  9
$DIMJUST
 70
     0
  9
$DIMSD1
 70
     0
  9
$DIMSD2
 70
     0
  9
$DIMTOLJ
 70
     1
  9
$DIMTZIN
 70
     0
  9
$DIMALTZ
 70
     0
  9
$DIMALTTZ
 70
     0
  9
$DIMFIT
 70
     3
  9
$DIMUPT
 70
     0
  9
$DIMUNIT
 70
     2
  9
$DIMDEC
 70
     4
  9
$DIMTDEC
 70
     4
  9
$DIMALTU
 70
     2
  9
$DIMALTTD
 70
     2
  9
$DIMTXSTY
  7
STANDARD
  9
$DIMAUNIT
 70
     0
  9
$LUNITS
 70
     2
  9
$LUPREC
 70
     4
  9
$SKETCHINC
 40
0.1
  9
$FILLETRAD
 40
0.5
  9
$AUNITS
 70
     0
  9
$AUPREC
 70
     0
  9
$MENU
  1
.
  9
$ELEVATION
 40
0.0
  9
$PELEVATION
 40
0.0
  9
$THICKNESS
 40
0.0
  9
$LIMCHECK
 70
     0
  9
$CHAMFERA
 40
0.5
  9
$CHAMFERB
 40
0.5
  9
$CHAMFERC
 40
1.0
  9
$CHAMFERD
 40
0.0
  9
$SKPOLY
 70
     0
  9
$TDCREATE
 40
2454984.963002384
  9
$TDUPDATE
 40
2454984.963002396
  9
$TDINDWG
 40
0.0000000116
  9
$TDUSRTIMER
 40
0.0000000116
  9
$USRTIMER
 70
     1
  9
$ANGBASE
 50
0.0
  9
$ANGDIR
 70
     0
  9
$PDMODE
 70
     0
  9
$PDSIZE
 40
0.0
  9
$PLINEWID
 40
0.0
  9
$COORDS
 70
     1
  9
$SPLFRAME
 70
     0
  9
$SPLINETYPE
 70
     6
  9
$SPLINESEGS
 70
     8
  9
$ATTDIA
 70
     0
  9
$ATTREQ
 70
     1
  9
$HANDLING
 70
     1
  9
$HANDSEED
  5
1C6
  9
$SURFTAB1
 70
     6
  9
$SURFTAB2
 70
     6
  9
$SURFTYPE
 70
     6
  9
$SURFU
 70
     6
  9
$SURFV
 70
     6
  9
$UCSNAME
  2

  9
$UCSORG
 10
0.0
 20
0.0
 30
0.0
  9
$UCSXDIR
 10
1.0
 20
0.0
 30
0.0
  9
$UCSYDIR
 10
0.0
 20
1.0
 30
0.0
  9
$PUCSNAME
  2

  9
$PUCSORG
 10
0.0
 20
0.0
 30
0.0
  9
$PUCSXDIR
 10
1.0
 20
0.0
 30
0.0
  9
$PUCSYDIR
 10
0.0
 20
1.0
 30
0.0
  9
$USERI1
 70
     0
  9
$USERI2
 70
     0
  9
$USERI3
 70
     0
  9
$USERI4
 70
     0
  9
$USERI5
 70
     0
  9
$USERR1
 40
0.0
  9
$USERR2
 40
0.0
  9
$USERR3
 40
0.0
  9
$USERR4
 40
0.0
  9
$USERR5
 40
0.0
  9
$WORLDVIEW
 70
     1
  9
$SHADEDGE
 70
     3
  9
$SHADEDIF
 70
    70
  9
$TILEMODE
 70
     1
  9
$MAXACTVP
 70
    64
  9
$PINSBASE
 10
0.0
 20
0.0
 30
0.0
  9
$PLIMCHECK
 70
     0
  9
$PEXTMIN
 10
1.000000000000000E+20
 20
1.000000000000000E+20
 30
1.000000000000000E+20
  9
$PEXTMAX
 10
-1.000000000000000E+20
 20
-1.000000000000000E+20
 30
-1.000000000000000E+20
  9
$PLIMMIN
 10
0.0
 20
0.0
  9
$PLIMMAX
 10
12.0
 20
9.0
  9
$UNITMODE
 70
     0
  9
$VISRETAIN
 70
     1
  9
$PLINEGEN
 70
     0
  9
$PSLTSCALE
 70
     1
  9
$TREEDEPTH
 70
  3020
  9
$PICKSTYLE
 70
     1
  9
$CMLSTYLE
  2
STANDARD
  9
$CMLJUST
 70
     0
  9
$CMLSCALE
 40
1.0
  9
$PROXYGRAPHICS
 70
     1
  9
$MEASUREMENT
 70
     0
  0
ENDSEC
  0
SECTION
  2
CLASSES
  0
CLASS
  1
ACDBDICTIONARYWDFLT
  2
AcDbDictionaryWithDefault
  3
ObjectDBX Classes
 90
        0
280
     0
281
     0
  0
CLASS
  1
VISUALSTYLE
  2
AcDbVisualStyle
  3
ObjectDBX Classes
 90
     4095
280
     0
281
     0
  0
CLASS
  1
XRECORD
  2
AcDbXrecord
  3
AutoCAD 2000
 90
        0
280
     0
281
     0
  0
CLASS
  1
LWPOLYLINE
  2
AcDbPolyline
  3
AutoCAD 2000
 90
        0
280
     0
281
     1
  0
CLASS
  1
HATCH
  2
AcDbHatch
  3
AutoCAD 2000
 90
        0
280
     0
281
     1
  0
CLASS
  1
ACDBPLACEHOLDER
  2
AcDbPlaceHolder
  3
ObjectDBX Classes
 90
        0
280
     0
281
     0
  0
CLASS
  1
LAYOUT
  2
AcDbLayout
  3
ObjectDBX Classes
 90
        0
280
     0
281
     0
  0
ENDSEC
  0
SECTION
  2
TABLES
  0
TABLE
  2
VPORT
  5
8
330
0
100
AcDbSymbolTable
 70
     1
  0
VPORT
  5
29
330
8
100
AcDbSymbolTableRecord
100
AcDbViewportTableRecord
  2
*ACTIVE
 70
     0
 10
0.0
 20
0.0
 11
1.0
 21
1.0
 12
0.0
 22
0.0
 13
0.0
 23
0.0
 14
0.5
 24
0.5
 15
0.5
 25
0.5
 16
0.0
 26
0.0
 36
1.0
 17
0.0
 27
0.0
 37
-1000.0
 40
749.3248232773258
 41
1.717021276595745
 42
50.0
 43
1057.860396812324
 44
1321.269701274068
 50
0.0
 51
0.0
 71
     0
 72
   100
 73
     1
 74
     3
 75
     0
 76
     0
 77
     0
 78
     0
  0
ENDTAB
  0
TABLE
  2
LTYPE
  5
5
330
0
100
AcDbSymbolTable
 70
     1
  0
LTYPE
  5
14
330
5
100
AcDbSymbolTableRecord
100
AcDbLinetypeTableRecord
  2
BYBLOCK
 70
     0
  3

 72
    65
 73
     0
 40
0.0
  0
LTYPE
  5
15
330
5
100
AcDbSymbolTableRecord
100
AcDbLinetypeTableRecord
  2
BYLAYER
 70
     0
  3

 72
    65
 73
     0
 40
0.0
  0
LTYPE
  5
16
330
5
100
AcDbSymbolTableRecord
100
AcDbLinetypeTableRecord
  2
CONTINUOUS
 70
     0
  3
Solid line
 72
    65
 73
     0
 40
0.0
  0
ENDTAB
  0
TABLE
  2
LAYER
  5
2
330
0
100
AcDbSymbolTable
 70
     3
  0
LAYER
  5
10
330
2
100
AcDbSymbolTableRecord
100
AcDbLayerTableRecord
  2
0
 70
     0
 62
     7
  6
CONTINUOUS
  0
LAYER
  5
3B
330
2
100
AcDbSymbolTableRecord
100
AcDbLayerTableRecord
  2
PROFILEEDGES
 70
     0
 62
     7
  6
CONTINUOUS
  0
LAYER
  5
3C
330
2
100
AcDbSymbolTableRecord
100
AcDbLayerTableRecord
  2
SECTIONCUTEDGES
 70
     0
 62
     7
  6
CONTINUOUS
  0
ENDTAB
  0
TABLE
  2
STYLE
  5
3
330
0
100
AcDbSymbolTable
 70
     1
  0
STYLE
  5
11
330
3
100
AcDbSymbolTableRecord
100
AcDbTextStyleTableRecord
  2
STANDARD
 70
     0
 40
0.0
 41
1.0
 50
0.0
 71
     0
 42
0.2
  3
txt
  4

  0
ENDTAB
  0
TABLE
  2
VIEW
  5
6
330
0
100
AcDbSymbolTable
 70
     0
  0
ENDTAB
  0
TABLE
  2
UCS
  5
7
330
0
100
AcDbSymbolTable
 70
     0
  0
ENDTAB
  0
TABLE
  2
APPID
  5
9
330
0
100
AcDbSymbolTable
 70
     1
  0
APPID
  5
12
330
9
100
AcDbSymbolTableRecord
100
AcDbRegAppTableRecord
  2
ACAD
 70
     0
  0
ENDTAB
  0
TABLE
  2
DIMSTYLE
  5
A
330
0
100
AcDbSymbolTable
 70
     1
  0
DIMSTYLE
105
27
330
A
100
AcDbSymbolTableRecord
100
AcDbDimStyleTableRecord
  2
STANDARD
 70
     0
  3

  4

  5

  6

  7

 40
1.0
 41
0.18
 42
0.0625
 43
0.38
 44
0.18
 45
0.0
 46
0.0
 47
0.0
 48
0.0
140
0.18
141
0.09
142
0.0
143
25.4
144
1.0
145
0.0
146
1.0
147
0.09
 71
     0
 72
     0
 73
     1
 74
     1
 75
     0
 76
     0
 77
     0
 78
     0
170
     0
171
     2
172
     0
173
     0
174
     0
175
     0
176
     0
177
     0
178
     0
270
     2
271
     4
272
     4
273
     2
274
     2
340
11
275
     0
280
     0
281
     0
282
     0
283
     1
284
     0
285
     0
286
     0
287
     3
288
     0
  0
ENDTAB
  0
TABLE
  2
BLOCK_RECORD
  5
1
330
0
100
AcDbSymbolTable
 70
     1
  0
BLOCK_RECORD
  5
1F
330
1
100
AcDbSymbolTableRecord
100
AcDbBlockTableRecord
  2
*MODEL_SPACE
  0
BLOCK_RECORD
  5
1B
330
1
100
AcDbSymbolTableRecord
100
AcDbBlockTableRecord
  2
*PAPER_SPACE
  0
ENDTAB
  0
ENDSEC
  0
SECTION
  2
BLOCKS
  0
BLOCK
  5
20
330
1F
100
AcDbEntity
  8
0
100
AcDbBlockBegin
  2
*MODEL_SPACE
 70
     0
 10
0.0
 20
0.0
 30
0.0
  3
*MODEL_SPACE
  1

  0
ENDBLK
  5
21
330
1F
100
AcDbEntity
  8
0
100
AcDbBlockEnd
  0
BLOCK
  5
1C
330
1B
100
AcDbEntity
 67
     1
  8
0
100
AcDbBlockBegin
  2
*PAPER_SPACE
 70
     0
 10
0.0
 20
0.0
 30
0.0
  3
*PAPER_SPACE
  1

  0
ENDBLK
  5
1D
330
1B
100
AcDbEntity
 67
     1
  8
0
100
AcDbBlockEnd
  0
ENDSEC
  0
SECTION
  2
ENTITIES
  0
LINE
  5
3D
330
1F
100
AcDbEntity
  8
0
100
AcDbLine
 10
291.9954392876672
 20
272.1499184853013
 30
0.0
 11
291.5158832357749
 21
271.6892365508586
 31
0.0
  0
LINE
  5
3E
330
1F
100
AcDbEntity
  8
0
100
AcDbLine
 10
-360.7899180713754
 20
-169.2048902860046
 30
0.0
 11
-423.577445676427
 21
-171.6095272451034
 31
0.0
  0
LINE
  5
3F
330
1F
100
AcDbEntity
  8
0
100
AcDbLine
 10
-375.5627225056012
 20
-322.3647612077343
 30
0.0
 11
-380.3364040367596
 21
-288.1697196555052
 31
0.0
  0
LINE
  5
40
330
1F
100
AcDbEntity
  8
0
100
AcDbLine
 10
-423.577445676427
 20
-171.6095272451034
 30
0.0
 11
-444.6847052942509
 21
-175.0558110844158
 31
0.0
  0
LINE
  5
41
330
1F
100
AcDbEntity
  8
0
100
AcDbLine
 10
-380.3364040367596
 20
-282.1697196555053
 30
0.0
 11
-380.3364040367596
 21
-288.1697196555052
 31
0.0
  0
LINE
  5
42
330
1F
100
AcDbEntity
  8
0
100
AcDbLine
 10
279.7399719949085
 20
270.5160011910994
 30
0.0
 11
280.3253489926297
 21
270.2005085253089
 31
0.0
  0
LINE
  5
43
330
1F
100
AcDbEntity
  8
0
100
AcDbLine
 10
-450.8461776149338
 20
-355.9489481935436
 30
0.0
 11
-458.1092255216668
 21
-354.5830560141183
 31
0.0
  0
LINE
  5
44
330
1F
100
AcDbEntity
  8
0
100
AcDbLine
 10
-524.7698591398722
 20
-152.3960983675891
 30
0.0
 11
-524.3793277710504
 21
-153.7495918497295
 31
0.0
  0
LINE
  5
45
330
1F
100
AcDbEntity
  8
0
100
AcDbLine
 10
-290.7298531632401
 20
-294.1697196555052
 30
0.0
 11
-286.3749207731408
 21
-319.8015285698761
 31
0.0
  0
LINE
  5
46
330
1F
100
AcDbEntity
  8
0
100
AcDbLine
 10
-472.3023558041491
 20
-225.0518273320972
 30
0.0
 11
-470.6291476767532
 21
-223.4039732936233
 31
0.0
  0
LINE
  5
47
330
1F
100
AcDbEntity
  8
0
100
AcDbLine
 10
-260.7298531632405
 20
-282.1697196555052
 30
0.0
 11
-260.7298531632401
 21
-294.1697196555052
 31
0.0
  0
LINE
  5
48
330
1F
100
AcDbEntity
  8
0
100
AcDbLine
 10
63.74302865312299
 20
-309.7392359958149
 30
0.0
 11
87.8129797227505
 21
-309.0474722907473
 31
0.0
  0
LINE
  5
49
330
1F
100
AcDbEntity
  8
0
100
AcDbLine
 10
282.1903827225746
 20
269.5010078343154
 30
0.0
 11
282.8388517709344
 21
269.3537334477164
 31
0.0
  0
LINE
  5
4A
330
1F
100
AcDbEntity
  8
0
100
AcDbLine
 10
-474.9429549102791
 20
-265.1697196555054
 30
0.0
 11
-439.9429549102791
 21
-265.1697196555052
 31
0.0
  0
LINE
  5
4B
330
1F
100
AcDbEntity
  8
0
100
AcDbLine
 10
-501.9113999708088
 20
-38.32860271199805
 30
0.0
 11
-497.4082878751205
 21
-36.87615057913928
 31
0.0
  0
LINE
  5
4C
330
1F
100
AcDbEntity
  8
0
100
AcDbLine
 10
-470.6291476767532
 20
-223.4039732936233
 30
0.0
 11
-466.8964883558531
 21
-220.1502428017801
 31
0.0
  0
LINE
  5
4D
330
1F
100
AcDbEntity
  8
0
100
AcDbLine
 10
231.3165876572425
 20
-282.1697196555044
 30
0.0
 11
323.6476441522526
 21
-282.1697196555043
 31
0.0
  0
LINE
  5
4E
330
1F
100
AcDbEntity
  8
0
100
AcDbLine
 10
-472.667463570639
 20
-344.7800189888664
 30
0.0
 11
-473.7750480267761
 21
-342.5726040061799
 31
0.0
  0
LINE
  5
4F
330
1F
100
AcDbEntity
  8
0
100
AcDbLine
 10
-466.8964883558531
 20
-220.1502428017801
 30
0.0
 11
-463.3161597400094
 21
-217.7866232216986
 31
0.0
  0
LINE
  5
50
330
1F
100
AcDbEntity
  8
0
100
AcDbLine
 10
-190.4375044745997
 20
-294.1697196555052
 30
0.0
 11
-194.34889620111
 21
-317.1567261963081
 31
0.0
  0
LINE
  5
51
330
1F
100
AcDbEntity
  8
0
100
AcDbLine
 10
-466.8964883558527
 20
-350.189196509231
 30
0.0
 11
-463.3161597400089
 21
-352.5528160893125
 31
0.0
  0
LINE
  5
52
330
1F
100
AcDbEntity
  8
0
100
AcDbLine
 10
-99.91287200545472
 20
-101.0506156289867
 30
0.0
 11
-99.91287200545472
 21
-107.0506156289864
 31
0.0
  0
LINE
  5
53
330
1F
100
AcDbEntity
  8
0
100
AcDbLine
 10
-350.3364040367596
 20
-282.1697196555052
 30
0.0
 11
-290.7298531632403
 21
-282.1697196555052
 31
0.0
  0
LINE
  5
54
330
1F
100
AcDbEntity
  8
0
100
AcDbLine
 10
525.0030198184147
 20
133.7013559213876
 30
0.0
 11
81.270333765335
 21
213.5110779650261
 31
0.0
  0
LINE
  5
55
330
1F
100
AcDbEntity
  8
0
100
AcDbLine
 10
-72.46910902608714
 20
219.4883178337581
 30
0.0
 11
-69.01482062788826
 21
223.095676671551
 31
0.0
  0
LINE
  5
56
330
1F
100
AcDbEntity
  8
0
100
AcDbLine
 10
-37.8246494811873
 20
263.62197893958
 30
0.0
 11
-40.21980804024307
 21
262.7651127020738
 31
0.0
  0
LINE
  5
57
330
1F
100
AcDbEntity
  8
0
100
AcDbLine
 10
-40.21980804024307
 20
262.7651127020738
 30
0.0
 11
-42.5194612262551
 21
261.6776387961519
 31
0.0
  0
LINE
  5
58
330
1F
100
AcDbEntity
  8
0
100
AcDbLine
 10
203.7659386617032
 20
-305.7150164724044
 30
0.0
 11
201.3165876572423
 21
-288.1697196555049
 31
0.0
  0
LINE
  5
59
330
1F
100
AcDbEntity
  8
0
100
AcDbLine
 10
282.8388517709344
 20
269.3537334477164
 30
0.0
 11
283.4958033964459
 21
269.2506974667857
 31
0.0
  0
LINE
  5
5A
330
1F
100
AcDbEntity
  8
0
100
AcDbLine
 10
-260.7298531632401
 20
-294.1697196555052
 30
0.0
 11
-264.9866816351534
 21
-319.1868365205165
 31
0.0
  0
LINE
  5
5B
330
1F
100
AcDbEntity
  8
0
100
AcDbLine
 10
281.5533716745404
 20
269.6918448755597
 30
0.0
 11
282.1903827225746
 21
269.5010078343154
 31
0.0
  0
LINE
  5
5C
330
1F
100
AcDbEntity
  8
0
100
AcDbLine
 10
283.4958033964459
 20
269.2506974667857
 30
0.0
 11
284.1582232546384
 21
269.1923726598785
 31
0.0
  0
LINE
  5
5D
330
1F
100
AcDbEntity
  8
0
100
AcDbLine
 10
203.7659386617032
 20
-305.7150164724044
 30
0.0
 11
228.9648378968739
 21
-304.9908071107761
 31
0.0
  0
LINE
  5
5E
330
1F
100
AcDbEntity
  8
0
100
AcDbLine
 10
284.1582232546384
 20
269.1923726598785
 30
0.0
 11
284.8230719107053
 21
269.1790266434409
 31
0.0
  0
LINE
  5
5F
330
1F
100
AcDbEntity
  8
0
100
AcDbLine
 10
148.4344859107055
 20
296.5676391478775
 30
0.0
 11
421.2116579107047
 21
296.5676391478779
 31
0.0
  0
LINE
  5
60
330
1F
100
AcDbEntity
  8
0
100
AcDbLine
 10
421.2116579107047
 20
296.5676391478779
 30
0.0
 11
421.2116579107047
 21
340.8574837742817
 31
0.0
  0
LINE
  5
61
330
1F
100
AcDbEntity
  8
0
100
AcDbLine
 10
285.4879205667721
 20
269.1923726598785
 30
0.0
 11
284.8230719107053
 21
269.1790266434409
 31
0.0
  0
LINE
  5
62
330
1F
100
AcDbEntity
  8
0
100
AcDbLine
 10
228.9648378968739
 20
-304.9908071107761
 30
0.0
 11
231.3165876572425
 21
-288.1697196555049
 31
0.0
  0
LINE
  5
63
330
1F
100
AcDbEntity
  8
0
100
AcDbLine
 10
278.6399040258316
 20
271.2620768436134
 30
0.0
 11
279.1772964159646
 21
270.8703993351248
 31
0.0
  0
LINE
  5
64
330
1F
100
AcDbEntity
  8
0
100
AcDbLine
 10
421.2116579107047
 20
340.8574837742817
 30
0.0
 11
457.8355063942899
 21
336.7138945597857
 31
0.0
  0
LINE
  5
65
330
1F
100
AcDbEntity
  8
0
100
AcDbLine
 10
-430.3964689448949
 20
-101.050615628987
 30
0.0
 11
-430.3964689448949
 21
-107.0506156289871
 31
0.0
  0
LINE
  5
66
330
1F
100
AcDbEntity
  8
0
100
AcDbLine
 10
286.1503404249647
 20
269.2506974667857
 30
0.0
 11
285.4879205667721
 21
269.1923726598785
 31
0.0
  0
LINE
  5
67
330
1F
100
AcDbEntity
  8
0
100
AcDbLine
 10
411.7679348862832
 20
-285.6924891417651
 30
0.0
 11
411.3675293707435
 21
-287.3092499842873
 31
0.0
  0
LINE
  5
68
330
1F
100
AcDbEntity
  8
0
100
AcDbLine
 10
411.3675293707435
 20
-287.3092499842873
 30
0.0
 11
410.8741868995059
 21
-288.9001156702289
 31
0.0
  0
LINE
  5
69
330
1F
100
AcDbEntity
  8
0
100
AcDbLine
 10
412.0740600511269
 20
-284.0552575145636
 30
0.0
 11
411.7679348862832
 21
-285.6924891417651
 31
0.0
  0
LINE
  5
6A
330
1F
100
AcDbEntity
  8
0
100
AcDbLine
 10
-478.3887871120264
 20
-33.46321977418703
 30
0.0
 11
-472.4427502881158
 21
-33.04542017355857
 31
0.0
  0
LINE
  5
6B
330
1F
100
AcDbEntity
  8
0
100
AcDbLine
 10
-100.7684294499911
 20
-180.2408685881596
 30
0.0
 11
-88.44924102372006
 21
-176.2120424913607
 31
0.0
  0
LINE
  5
6C
330
1F
100
AcDbEntity
  8
0
100
AcDbLine
 10
-31.4753448383245
 20
-176.7208527113553
 30
0.0
 11
-9.057515497457304
 21
-183.5529062521501
 31
0.0
  0
LINE
  5
6D
330
1F
100
AcDbEntity
  8
0
100
AcDbLine
 10
-54.46369336249085
 20
-172.8756373698932
 30
0.0
 11
-31.4753448383245
 21
-176.7208527113553
 31
0.0
  0
LINE
  5
6E
330
1F
100
AcDbEntity
  8
0
100
AcDbLine
 10
-71.1237739338993
 20
-172.8756373698932
 30
0.0
 11
-54.46369336249085
 21
-172.8756373698932
 31
0.0
  0
LINE
  5
6F
330
1F
100
AcDbEntity
  8
0
100
AcDbLine
 10
-9.057515497457304
 20
-183.5529062521501
 30
0.0
 11
21.95115685769481
 21
-200.7824006724516
 31
0.0
  0
LINE
  5
70
330
1F
100
AcDbEntity
  8
0
100
AcDbLine
 10
-88.44924102372006
 20
-176.2120424913607
 30
0.0
 11
-74.14099869594548
 21
-173.1907212376651
 31
0.0
  0
LINE
  5
71
330
1F
100
AcDbEntity
  8
0
100
AcDbLine
 10
148.4344859107055
 20
340.8574837742811
 30
0.0
 11
281.8230719107044
 21
355.9489481935443
 31
0.0
  0
LINE
  5
72
330
1F
100
AcDbEntity
  8
0
100
AcDbLine
 10
412.3996807881628
 20
-280.7414043702752
 30
0.0
 11
412.284877788977
 21
-282.4030481558261
 31
0.0
  0
LINE
  5
73
330
1F
100
AcDbEntity
  8
0
100
AcDbLine
 10
412.284877788977
 20
-282.4030481558261
 30
0.0
 11
412.0740600511269
 21
-284.0552575145636
 31
0.0
  0
LINE
  5
74
330
1F
100
AcDbEntity
  8
0
100
AcDbLine
 10
412.3996807881628
 20
-277.4820900132725
 30
0.0
 11
412.4176877911847
 21
-279.1117471917739
 31
0.0
  0
LINE
  5
75
330
1F
100
AcDbEntity
  8
0
100
AcDbLine
 10
412.4176877911847
 20
-279.1117471917739
 30
0.0
 11
412.3996807881628
 21
-280.7414043702752
 31
0.0
  0
LINE
  5
76
330
1F
100
AcDbEntity
  8
0
100
AcDbLine
 10
412.284877788977
 20
-275.820446227722
 30
0.0
 11
412.3996807881628
 21
-277.4820900132725
 31
0.0
  0
LINE
  5
77
330
1F
100
AcDbEntity
  8
0
100
AcDbLine
 10
-48.62984940101309
 20
257.1467462148364
 30
0.0
 11
-50.33840144920445
 21
255.2621098651346
 31
0.0
  0
LINE
  5
78
330
1F
100
AcDbEntity
  8
0
100
AcDbLine
 10
-50.33840144920445
 20
255.2621098651346
 30
0.0
 11
-51.85402889665301
 21
253.2191028380941
 31
0.0
  0
LINE
  5
79
330
1F
100
AcDbEntity
  8
0
100
AcDbLine
 10
-51.85402889665301
 20
253.2191028380941
 30
0.0
 11
-53.16213967018798
 21
251.0373946825064
 31
0.0
  0
LINE
  5
7A
330
1F
100
AcDbEntity
  8
0
100
AcDbLine
 10
411.7679348862832
 20
-272.5310052417828
 30
0.0
 11
412.0740600511269
 21
-274.1682368689844
 31
0.0
  0
LINE
  5
7B
330
1F
100
AcDbEntity
  8
0
100
AcDbLine
 10
412.0740600511269
 20
-274.1682368689844
 30
0.0
 11
412.284877788977
 21
-275.820446227722
 31
0.0
  0
LINE
  5
7C
330
1F
100
AcDbEntity
  8
0
100
AcDbLine
 10
411.3675293707435
 20
-270.9142443992608
 30
0.0
 11
411.7679348862832
 21
-272.5310052417828
 31
0.0
  0
LINE
  5
7D
330
1F
100
AcDbEntity
  8
0
100
AcDbLine
 10
410.2895626790565
 20
-267.7637456753699
 30
0.0
 11
410.8741868995059
 21
-269.323378713319
 31
0.0
  0
LINE
  5
7E
330
1F
100
AcDbEntity
  8
0
100
AcDbLine
 10
410.8741868995059
 20
-269.323378713319
 30
0.0
 11
411.3675293707435
 21
-270.9142443992608
 31
0.0
  0
LINE
  5
7F
330
1F
100
AcDbEntity
  8
0
100
AcDbLine
 10
408.8546145262586
 20
-264.7589860118333
 30
0.0
 11
409.615618174018
 21
-266.2405779886088
 31
0.0
  0
LINE
  5
80
330
1F
100
AcDbEntity
  8
0
100
AcDbLine
 10
409.615618174018
 20
-266.2405779886088
 30
0.0
 11
410.2895626790565
 21
-267.7637456753699
 31
0.0
  0
LINE
  5
81
330
1F
100
AcDbEntity
  8
0
100
AcDbLine
 10
279.1772964159646
 20
270.8703993351248
 30
0.0
 11
279.7399719949085
 21
270.5160011910994
 31
0.0
  0
LINE
  5
82
330
1F
100
AcDbEntity
  8
0
100
AcDbLine
 10
408.0091049685703
 20
-263.3239406137504
 30
0.0
 11
408.8546145262586
 21
-264.7589860118333
 31
0.0
  0
LINE
  5
83
330
1F
100
AcDbEntity
  8
0
100
AcDbLine
 10
-463.3161597400089
 20
-352.5528160893125
 30
0.0
 11
-458.1092255216668
 21
-354.5830560141183
 31
0.0
  0
LINE
  5
84
330
1F
100
AcDbEntity
  8
0
100
AcDbLine
 10
-524.3793277710504
 20
-153.7495918497295
 30
0.0
 11
-523.6997618917238
 21
-155.1279462506276
 31
0.0
  0
LINE
  5
85
330
1F
100
AcDbEntity
  8
0
100
AcDbLine
 10
406.0282613287027
 20
-260.5493061761268
 30
0.0
 11
407.0819262583552
 21
-261.9402564952933
 31
0.0
  0
LINE
  5
86
330
1F
100
AcDbEntity
  8
0
100
AcDbLine
 10
407.0819262583552
 20
-261.9402564952933
 30
0.0
 11
408.0091049685703
 21
-263.3239406137504
 31
0.0
  0
LINE
  5
87
330
1F
100
AcDbEntity
  8
0
100
AcDbLine
 10
403.1027336082813
 20
-257.6237824331276
 30
0.0
 11
406.0282613287027
 21
-260.5493061761268
 31
0.0
  0
LINE
  5
88
330
1F
100
AcDbEntity
  8
0
100
AcDbLine
 10
-290.7298531632403
 20
-282.1697196555052
 30
0.0
 11
-290.7298531632401
 21
-294.1697196555052
 31
0.0
  0
LINE
  5
89
330
1F
100
AcDbEntity
  8
0
100
AcDbLine
 10
400.2743064835327
 20
-171.196402564567
 30
0.0
 11
400.2743064835327
 21
-257.6237824331297
 31
0.0
  0
LINE
  5
8A
330
1F
100
AcDbEntity
  8
0
100
AcDbLine
 10
400.2743064835327
 20
-257.6237824331297
 30
0.0
 11
403.1027336082813
 21
-257.6237824331276
 31
0.0
  0
LINE
  5
8B
330
1F
100
AcDbEntity
  8
0
100
AcDbLine
 10
462.5384749673687
 20
-103.7054894810433
 30
0.0
 11
512.1692841394339
 21
-305.6731404144915
 31
0.0
  0
LINE
  5
8C
330
1F
100
AcDbEntity
  8
0
100
AcDbLine
 10
410.8741868995059
 20
-288.9001156702289
 30
0.0
 11
410.289562679057
 21
-290.4597487081778
 31
0.0
  0
LINE
  5
8D
330
1F
100
AcDbEntity
  8
0
100
AcDbLine
 10
102.6293300228431
 20
334.4839802976115
 30
0.0
 11
96.02336322122977
 21
330.9753265286961
 31
0.0
  0
LINE
  5
8E
330
1F
100
AcDbEntity
  8
0
100
AcDbLine
 10
511.3710192068893
 20
-310.0207188371846
 30
0.0
 11
509.0611839672789
 21
-312.4189217346101
 31
0.0
  0
LINE
  5
8F
330
1F
100
AcDbEntity
  8
0
100
AcDbLine
 10
512.1692841394339
 20
-307.722168028724
 30
0.0
 11
511.3710192068893
 21
-310.0207188371846
 31
0.0
  0
LINE
  5
90
330
1F
100
AcDbEntity
  8
0
100
AcDbLine
 10
-220.4375044746
 20
-282.1697196555052
 30
0.0
 11
-220.4375044745997
 21
-294.1697196555057
 31
0.0
  0
LINE
  5
91
330
1F
100
AcDbEntity
  8
0
100
AcDbLine
 10
509.0611839672789
 20
-312.4189217346101
 30
0.0
 11
505.3302529198979
 21
-313.3357601754736
 31
0.0
  0
LINE
  5
92
330
1F
100
AcDbEntity
  8
0
100
AcDbLine
 10
452.3965565535761
 20
-318.283208553637
 30
0.0
 11
474.6118277712923
 21
-316.7073008796256
 31
0.0
  0
LINE
  5
93
330
1F
100
AcDbEntity
  8
0
100
AcDbLine
 10
505.3302529198979
 20
-313.3357601754736
 30
0.0
 11
474.6118277712923
 21
-316.7073008796256
 31
0.0
  0
LINE
  5
94
330
1F
100
AcDbEntity
  8
0
100
AcDbLine
 10
-49.85280709731892
 20
-294.1697196555048
 30
0.0
 11
-53.07332533302309
 21
-313.0965055478896
 31
0.0
  0
LINE
  5
95
330
1F
100
AcDbEntity
  8
0
100
AcDbLine
 10
90.7318902799619
 20
-288.169719655505
 30
0.0
 11
201.3165876572423
 21
-288.1697196555049
 31
0.0
  0
LINE
  5
96
330
1F
100
AcDbEntity
  8
0
100
AcDbLine
 10
287.8230719107044
 20
355.9489481935443
 30
0.0
 11
421.2116579107047
 21
340.8574837742817
 31
0.0
  0
LINE
  5
97
330
1F
100
AcDbEntity
  8
0
100
AcDbLine
 10
287.8230719107044
 20
355.9489481935443
 30
0.0
 11
281.8230719107044
 21
355.9489481935443
 31
0.0
  0
LINE
  5
98
330
1F
100
AcDbEntity
  8
0
100
AcDbLine
 10
-102.2326535556374
 20
-237.563260437657
 30
0.0
 11
-116.1453903214178
 21
-237.563260437657
 31
0.0
  0
LINE
  5
99
330
1F
100
AcDbEntity
  8
0
100
AcDbLine
 10
-163.9726962369476
 20
-225.0615599207541
 30
0.0
 11
-148.2765129442489
 21
-231.675039136285
 31
0.0
  0
LINE
  5
9A
330
1F
100
AcDbEntity
  8
0
100
AcDbLine
 10
323.6476441522524
 20
-276.1697196555042
 30
0.0
 11
323.6476441522526
 21
-282.1697196555043
 31
0.0
  0
LINE
  5
9B
330
1F
100
AcDbEntity
  8
0
100
AcDbLine
 10
346.9012850345226
 20
-276.1697196555042
 30
0.0
 11
323.6476441522524
 21
-276.1697196555042
 31
0.0
  0
LINE
  5
9C
330
1F
100
AcDbEntity
  8
0
100
AcDbLine
 10
348.7688682819771
 20
-301.5476725692246
 30
0.0
 11
365.0965245726968
 21
-301.0784202646362
 31
0.0
  0
LINE
  5
9D
330
1F
100
AcDbEntity
  8
0
100
AcDbLine
 10
-90.79677152014257
 20
-237.5632604376574
 30
0.0
 11
1.509414533364249
 21
-237.563260437657
 31
0.0
  0
LINE
  5
9E
330
1F
100
AcDbEntity
  8
0
100
AcDbLine
 10
231.3165876572425
 20
-288.1697196555049
 30
0.0
 11
231.3165876572425
 21
-282.1697196555044
 31
0.0
  0
LINE
  5
9F
330
1F
100
AcDbEntity
  8
0
100
AcDbLine
 10
410.289562679057
 20
-290.4597487081778
 30
0.0
 11
409.615618174018
 21
-291.982916394939
 31
0.0
  0
LINE
  5
A0
330
1F
100
AcDbEntity
  8
0
100
AcDbLine
 10
409.615618174018
 20
-291.982916394939
 30
0.0
 11
408.8546145262586
 21
-293.4645083717143
 31
0.0
  0
LINE
  5
A1
330
1F
100
AcDbEntity
  8
0
100
AcDbLine
 10
281.8230719107061
 20
312.6953073112736
 30
0.0
 11
287.8230719107041
 21
312.6953073112736
 31
0.0
  0
LINE
  5
A2
330
1F
100
AcDbEntity
  8
0
100
AcDbLine
 10
287.8230719107041
 20
332.6953073112736
 30
0.0
 11
287.8230719107041
 21
312.6953073112736
 31
0.0
  0
LINE
  5
A3
330
1F
100
AcDbEntity
  8
0
100
AcDbLine
 10
525.0030198184147
 20
75.43055774199613
 30
0.0
 11
525.0030198184147
 21
133.7013559213876
 31
0.0
  0
LINE
  5
A4
330
1F
100
AcDbEntity
  8
0
100
AcDbLine
 10
281.8230719107061
 20
332.6953073112736
 30
0.0
 11
281.8230719107061
 21
312.6953073112736
 31
0.0
  0
LINE
  5
A5
330
1F
100
AcDbEntity
  8
0
100
AcDbLine
 10
467.0168137985669
 20
334.4839802976123
 30
0.0
 11
457.8355063942899
 21
336.7138945597857
 31
0.0
  0
LINE
  5
A6
330
1F
100
AcDbEntity
  8
0
100
AcDbLine
 10
-310.7298531632403
 20
-288.1697196555058
 30
0.0
 11
-350.3364040367596
 21
-288.1697196555058
 31
0.0
  0
LINE
  5
A7
330
1F
100
AcDbEntity
  8
0
100
AcDbLine
 10
-310.7298531632403
 20
-288.1697196555058
 30
0.0
 11
-310.7298531632401
 21
-294.1697196555057
 31
0.0
  0
LINE
  5
A8
330
1F
100
AcDbEntity
  8
0
100
AcDbLine
 10
-290.7298531632401
 20
-294.1697196555052
 30
0.0
 11
-310.7298531632401
 21
-294.1697196555057
 31
0.0
  0
LINE
  5
A9
330
1F
100
AcDbEntity
  8
0
100
AcDbLine
 10
-511.3586885174667
 20
-164.7976459211616
 30
0.0
 11
-521.941555844373
 21
-156.9904466436485
 31
0.0
  0
LINE
  5
AA
330
1F
100
AcDbEntity
  8
0
100
AcDbLine
 10
-260.7298531632401
 20
-294.1697196555052
 30
0.0
 11
-220.4375044745997
 21
-294.1697196555057
 31
0.0
  0
LINE
  5
AB
330
1F
100
AcDbEntity
  8
0
100
AcDbLine
 10
-190.4375044745997
 20
-294.1697196555052
 30
0.0
 11
-79.85280709731886
 21
-294.1697196555048
 31
0.0
  0
LINE
  5
AC
330
1F
100
AcDbEntity
  8
0
100
AcDbLine
 10
-49.85280709731892
 20
-294.1697196555048
 30
0.0
 11
-10.0117474101067
 21
-294.1697196555053
 31
0.0
  0
LINE
  5
AD
330
1F
100
AcDbEntity
  8
0
100
AcDbLine
 10
-474.9429549102794
 20
-231.4566263114506
 30
0.0
 11
-473.7750480267766
 21
-227.7668353048308
 31
0.0
  0
LINE
  5
AE
330
1F
100
AcDbEntity
  8
0
100
AcDbLine
 10
134.6852452727318
 20
-148.2536388114971
 30
0.0
 11
-360.7899180713754
 21
-169.2048902860046
 31
0.0
  0
LINE
  5
AF
330
1F
100
AcDbEntity
  8
0
100
AcDbLine
 10
-190.4375044746
 20
-282.1697196555048
 30
0.0
 11
-79.85280709731913
 21
-282.1697196555048
 31
0.0
  0
LINE
  5
B0
330
1F
100
AcDbEntity
  8
0
100
AcDbLine
 10
90.7318902799619
 20
-288.169719655505
 30
0.0
 11
90.73189027996172
 21
-282.1697196555046
 31
0.0
  0
LINE
  5
B1
330
1F
100
AcDbEntity
  8
0
100
AcDbLine
 10
476.3570328157455
 20
327.7620630766006
 30
0.0
 11
473.6227806001802
 21
330.9753265286969
 31
0.0
  0
LINE
  5
B2
330
1F
100
AcDbEntity
  8
0
100
AcDbLine
 10
476.3570328157455
 20
327.7620630766006
 30
0.0
 11
481.8634091141267
 21
316.9448657190026
 31
0.0
  0
LINE
  5
B3
330
1F
100
AcDbEntity
  8
0
100
AcDbLine
 10
467.0168137985669
 20
334.4839802976123
 30
0.0
 11
473.6227806001802
 21
330.9753265286969
 31
0.0
  0
LINE
  5
B4
330
1F
100
AcDbEntity
  8
0
100
AcDbLine
 10
352.7888682334477
 20
-171.1964025645671
 30
0.0
 11
380.3961185428813
 21
-118.7680482151827
 31
0.0
  0
LINE
  5
B5
330
1F
100
AcDbEntity
  8
0
100
AcDbLine
 10
87.8129797227505
 20
-309.0474722907473
 30
0.0
 11
90.7318902799619
 21
-288.169719655505
 31
0.0
  0
LINE
  5
B6
330
1F
100
AcDbEntity
  8
0
100
AcDbLine
 10
291.9954392876672
 20
272.1499184853013
 30
0.0
 11
294.1167596312272
 21
274.2712388288608
 31
0.0
  0
LINE
  5
B7
330
1F
100
AcDbEntity
  8
0
100
AcDbLine
 10
-30.30000000000006
 20
264.7379903261308
 30
0.0
 11
-32.84075362417207
 21
264.6131893114991
 31
0.0
  0
LINE
  5
B8
330
1F
100
AcDbEntity
  8
0
100
AcDbLine
 10
-190.4375044745997
 20
-294.1697196555052
 30
0.0
 11
-190.4375044746
 21
-282.1697196555048
 31
0.0
  0
LINE
  5
B9
330
1F
100
AcDbEntity
  8
0
100
AcDbLine
 10
-472.6674635706396
 20
-225.5594203221444
 30
0.0
 11
-472.3023558041491
 21
-225.0518273320972
 31
0.0
  0
LINE
  5
BA
330
1F
100
AcDbEntity
  8
0
100
AcDbLine
 10
-525.0030198184144
 20
-124.0506156289873
 30
0.0
 11
-525.0030198184144
 21
-150.360376952929
 31
0.0
  0
LINE
  5
BB
330
1F
100
AcDbEntity
  8
0
100
AcDbLine
 10
348.7688682819771
 20
-301.5476725692246
 30
0.0
 11
346.9012850345229
 21
-288.1697196555045
 31
0.0
  0
LINE
  5
BC
330
1F
100
AcDbEntity
  8
0
100
AcDbLine
 10
-510.5071472920692
 20
-11.8337955187763
 30
0.0
 11
-517.8337783976392
 21
-6.668248081673667
 31
0.0
  0
LINE
  5
BD
330
1F
100
AcDbEntity
  8
0
100
AcDbLine
 10
-148.2765129442489
 20
-231.675039136285
 30
0.0
 11
-130.6609821359453
 21
-235.643820676478
 31
0.0
  0
LINE
  5
BE
330
1F
100
AcDbEntity
  8
0
100
AcDbLine
 10
280.3253489926297
 20
270.2005085253089
 30
0.0
 11
280.9307414763321
 21
269.9253689383621
 31
0.0
  0
LINE
  5
BF
330
1F
100
AcDbEntity
  8
0
100
AcDbLine
 10
296.8412201263873
 20
-107.0506156289843
 30
0.0
 11
296.8412201263873
 21
-101.0506156289875
 31
0.0
  0
LINE
  5
C0
330
1F
100
AcDbEntity
  8
0
100
AcDbLine
 10
151.2565227491066
 20
-101.0506156289868
 30
0.0
 11
151.2565227491066
 21
-107.0506156289855
 31
0.0
  0
LINE
  5
C1
330
1F
100
AcDbEntity
  8
0
100
AcDbLine
 10
134.6852452727316
 20
-59.8475924464752
 30
0.0
 11
-360.7899180713756
 21
-38.89634097196936
 31
0.0
  0
LINE
  5
C2
330
1F
100
AcDbEntity
  8
0
100
AcDbLine
 10
63.74302865312299
 20
-309.7392359958149
 30
0.0
 11
60.73189027996177
 21
-288.1697196555045
 31
0.0
  0
LINE
  5
C3
330
1F
100
AcDbEntity
  8
0
100
AcDbLine
 10
-113.9812376396296
 20
-186.2055394920848
 30
0.0
 11
-100.7684294499911
 21
-180.2408685881596
 31
0.0
  0
LINE
  5
C4
330
1F
100
AcDbEntity
  8
0
100
AcDbLine
 10
-2.999999999999949
 20
124.6045819502781
 30
0.0
 11
-2.999999999999949
 21
154.6045819502781
 31
0.0
  0
LINE
  5
C5
330
1F
100
AcDbEntity
  8
0
100
AcDbLine
 10
-2.999999999999949
 20
154.6045819502781
 30
0.0
 11
2.999999999999769
 21
154.6045819502781
 31
0.0
  0
LINE
  5
C6
330
1F
100
AcDbEntity
  8
0
100
AcDbLine
 10
2.999999999999859
 20
194.8969306389186
 30
0.0
 11
2.999999999999859
 21
224.8969306389185
 31
0.0
  0
LINE
  5
C7
330
1F
100
AcDbEntity
  8
0
100
AcDbLine
 10
-506.4328965987937
 20
-13.36984511468539
 30
0.0
 11
-510.5071472920692
 21
-11.8337955187763
 31
0.0
  0
LINE
  5
C8
330
1F
100
AcDbEntity
  8
0
100
AcDbLine
 10
-506.4328965987937
 20
-13.36984511468539
 30
0.0
 11
-67.80025101651707
 21
-35.9801154270026
 31
0.0
  0
LINE
  5
C9
330
1F
100
AcDbEntity
  8
0
100
AcDbLine
 10
-42.5194612262551
 20
261.6776387961519
 30
0.0
 11
-44.70146856689651
 21
260.3700271422641
 31
0.0
  0
LINE
  5
CA
330
1F
100
AcDbEntity
  8
0
100
AcDbLine
 10
-430.3964689448949
 20
-101.050615628987
 30
0.0
 11
-400.3964689448949
 21
-101.050615628987
 31
0.0
  0
LINE
  5
CB
330
1F
100
AcDbEntity
  8
0
100
AcDbLine
 10
366.9012850345229
 20
-288.169719655504
 30
0.0
 11
387.8441382575791
 21
-288.169719655504
 31
0.0
  0
LINE
  5
CC
330
1F
100
AcDbEntity
  8
0
100
AcDbLine
 10
-286.3749207731408
 20
-319.8015285698761
 30
0.0
 11
-264.9866816351534
 21
-319.1868365205165
 31
0.0
  0
LINE
  5
CD
330
1F
100
AcDbEntity
  8
0
100
AcDbLine
 10
296.8412201263873
 20
-107.0506156289843
 30
0.0
 11
316.8412201263873
 21
-107.0506156289844
 31
0.0
  0
LINE
  5
CE
330
1F
100
AcDbEntity
  8
0
100
AcDbLine
 10
-490.0030198184143
 20
-124.0506156289872
 30
0.0
 11
-490.0030198184143
 21
-84.0506156289871
 31
0.0
  0
LINE
  5
CF
330
1F
100
AcDbEntity
  8
0
100
AcDbLine
 10
148.4344859107055
 20
296.5676391478775
 30
0.0
 11
148.4344859107055
 21
340.8574837742811
 31
0.0
  0
LINE
  5
D0
330
1F
100
AcDbEntity
  8
0
100
AcDbLine
 10
60.73189027996177
 20
-282.1697196555048
 30
0.0
 11
60.73189027996177
 21
-288.1697196555045
 31
0.0
  0
LINE
  5
D1
330
1F
100
AcDbEntity
  8
0
100
AcDbLine
 10
-49.85280709731919
 20
-282.1697196555048
 30
0.0
 11
-49.85280709731892
 21
-294.1697196555048
 31
0.0
  0
LINE
  5
D2
330
1F
100
AcDbEntity
  8
0
100
AcDbLine
 10
-130.6609821359453
 20
-235.643820676478
 30
0.0
 11
-116.1453903214178
 21
-237.563260437657
 31
0.0
  0
LINE
  5
D3
330
1F
100
AcDbEntity
  8
0
100
AcDbLine
 10
291.5158832357749
 20
271.6892365508586
 30
0.0
 11
291.0062397955789
 21
271.2620768436133
 31
0.0
  0
LINE
  5
D4
330
1F
100
AcDbEntity
  8
0
100
AcDbLine
 10
-525.0030198184144
 20
-84.05061562898719
 30
0.0
 11
-525.0030198184146
 21
-57.7408543050455
 31
0.0
  0
LINE
  5
D5
330
1F
100
AcDbEntity
  8
0
100
AcDbLine
 10
102.6293300228431
 20
334.4839802976115
 30
0.0
 11
111.8106374271203
 21
336.7138945597849
 31
0.0
  0
LINE
  5
D6
330
1F
100
AcDbEntity
  8
0
100
AcDbLine
 10
-260.7298531632405
 20
-282.1697196555052
 30
0.0
 11
-220.4375044746
 21
-282.1697196555052
 31
0.0
  0
LINE
  5
D7
330
1F
100
AcDbEntity
  8
0
100
AcDbLine
 10
-524.3793277710505
 20
-54.35163940824495
 30
0.0
 11
-523.6997618917239
 21
-52.97328500734693
 31
0.0
  0
LINE
  5
D8
330
1F
100
AcDbEntity
  8
0
100
AcDbLine
 10
207.2543087137523
 20
205.9961633524304
 30
0.0
 11
79.44425690518763
 21
228.5726493149114
 31
0.0
  0
LINE
  5
D9
330
1F
100
AcDbEntity
  8
0
100
AcDbLine
 10
277.6507045337431
 20
272.1499184853014
 30
0.0
 11
278.1302605856356
 21
271.6892365508587
 31
0.0
  0
LINE
  5
DA
330
1F
100
AcDbEntity
  8
0
100
AcDbLine
 10
153.2889654080902
 20
-60.83658461538477
 30
0.0
 11
134.6852452727316
 21
-59.8475924464752
 31
0.0
  0
LINE
  5
DB
330
1F
100
AcDbEntity
  8
0
100
AcDbLine
 10
287.4557610988359
 20
269.5010078343154
 30
0.0
 11
286.8072920504762
 21
269.3537334477164
 31
0.0
  0
LINE
  5
DC
330
1F
100
AcDbEntity
  8
0
100
AcDbLine
 10
-355.0347162638082
 20
-321.7747920127661
 30
0.0
 11
-350.3364040367596
 21
-288.1697196555058
 31
0.0
  0
LINE
  5
DD
330
1F
100
AcDbEntity
  8
0
100
AcDbLine
 10
153.2889654080903
 20
-147.2646466425876
 30
0.0
 11
134.6852452727318
 21
-148.2536388114971
 31
0.0
  0
LINE
  5
DE
330
1F
100
AcDbEntity
  8
0
100
AcDbLine
 10
288.7154023450784
 20
269.9253689383622
 30
0.0
 11
288.0927721468702
 21
269.6918448755598
 31
0.0
  0
LINE
  5
DF
330
1F
100
AcDbEntity
  8
0
100
AcDbLine
 10
289.3207948287807
 20
270.200508525309
 30
0.0
 11
288.7154023450784
 21
269.9253689383622
 31
0.0
  0
LINE
  5
E0
330
1F
100
AcDbEntity
  8
0
100
AcDbLine
 10
289.9061718265019
 20
270.5160011910994
 30
0.0
 11
289.3207948287807
 21
270.200508525309
 31
0.0
  0
LINE
  5
E1
330
1F
100
AcDbEntity
  8
0
100
AcDbLine
 10
290.4688474054459
 20
270.8703993351249
 30
0.0
 11
289.9061718265019
 21
270.5160011910994
 31
0.0
  0
LINE
  5
E2
330
1F
100
AcDbEntity
  8
0
100
AcDbLine
 10
-444.6847052942509
 20
-175.0558110844158
 30
0.0
 11
-472.4427502881156
 21
-175.0558110844158
 31
0.0
  0
LINE
  5
E3
330
1F
100
AcDbEntity
  8
0
100
AcDbLine
 10
201.3165876572424
 20
-282.1697196555044
 30
0.0
 11
201.3165876572423
 21
-288.1697196555049
 31
0.0
  0
LINE
  5
E4
330
1F
100
AcDbEntity
  8
0
100
AcDbLine
 10
219.6164379085875
 20
-66.63008078197697
 30
0.0
 11
199.6111457451103
 21
-64.2820910276075
 31
0.0
  0
LINE
  5
E5
330
1F
100
AcDbEntity
  8
0
100
AcDbLine
 10
-501.9113999708088
 20
-38.32860271199805
 30
0.0
 11
-507.2509827737595
 21
-40.88466769216397
 31
0.0
  0
LINE
  5
E6
330
1F
100
AcDbEntity
  8
0
100
AcDbLine
 10
400.2743064835327
 20
-257.6237824331297
 30
0.0
 11
381.7284867640176
 21
-276.1697196555042
 31
0.0
  0
LINE
  5
E7
330
1F
100
AcDbEntity
  8
0
100
AcDbLine
 10
366.9012850345225
 20
-276.1697196555042
 30
0.0
 11
381.7284867640176
 21
-276.1697196555042
 31
0.0
  0
LINE
  5
E8
330
1F
100
AcDbEntity
  8
0
100
AcDbLine
 10
-439.9429549102791
 20
-288.169719655506
 30
0.0
 11
-439.9429549102791
 21
-305.1697196555061
 31
0.0
  0
LINE
  5
E9
330
1F
100
AcDbEntity
  8
0
100
AcDbLine
 10
-511.3586885174669
 20
-43.30358533681287
 30
0.0
 11
-521.9415558443732
 21
-51.11078461432596
 31
0.0
  0
LINE
  5
EA
330
1F
100
AcDbEntity
  8
0
100
AcDbLine
 10
400.2743064835335
 20
-318.2834085263802
 30
0.0
 11
-394.9256261113894
 21
-355.9489481935431
 31
0.0
  0
LINE
  5
EB
330
1F
100
AcDbEntity
  8
0
100
AcDbLine
 10
-439.942954910279
 20
-282.1697196555053
 30
0.0
 11
-380.3364040367596
 21
-282.1697196555053
 31
0.0
  0
LINE
  5
EC
330
1F
100
AcDbEntity
  8
0
100
AcDbLine
 10
-360.7899180713756
 20
-38.89634097196936
 30
0.0
 11
-423.5774456764272
 21
-36.49170401287076
 31
0.0
  0
LINE
  5
ED
330
1F
100
AcDbEntity
  8
0
100
AcDbLine
 10
276.7864865576831
 20
-75.2947299089545
 30
0.0
 11
219.6164379085875
 21
-66.63008078197697
 31
0.0
  0
LINE
  5
EE
330
1F
100
AcDbEntity
  8
0
100
AcDbLine
 10
-474.9429549102791
 20
-265.1697196555054
 30
0.0
 11
-474.9429549102794
 21
-231.4566263114506
 31
0.0
  0
LINE
  5
EF
330
1F
100
AcDbEntity
  8
0
100
AcDbLine
 10
400.1993142952543
 20
-105.4880496605651
 30
0.0
 11
410.288199767369
 21
-103.7054894810433
 31
0.0
  0
LINE
  5
F0
330
1F
100
AcDbEntity
  8
0
100
AcDbLine
 10
385.4274978153938
 20
-113.3039479567205
 30
0.0
 11
392.0730089260255
 21
-108.958764830087
 31
0.0
  0
LINE
  5
F1
330
1F
100
AcDbEntity
  8
0
100
AcDbLine
 10
380.3961185428813
 20
-118.7680482151827
 30
0.0
 11
385.4274978153938
 21
-113.3039479567205
 31
0.0
  0
LINE
  5
F2
330
1F
100
AcDbEntity
  8
0
100
AcDbLine
 10
-439.9429549102791
 20
-265.1697196555052
 30
0.0
 11
-439.942954910279
 21
-282.1697196555053
 31
0.0
  0
LINE
  5
F3
330
1F
100
AcDbEntity
  8
0
100
AcDbLine
 10
403.1027336082813
 20
-300.5997119504203
 30
0.0
 11
400.2743064835327
 21
-300.5997119504182
 31
0.0
  0
LINE
  5
F4
330
1F
100
AcDbEntity
  8
0
100
AcDbLine
 10
400.2743064835327
 20
-300.5997119504182
 30
0.0
 11
400.2743064835335
 21
-318.2834085263802
 31
0.0
  0
LINE
  5
F5
330
1F
100
AcDbEntity
  8
0
100
AcDbLine
 10
-523.6997618917238
 20
-155.1279462506276
 30
0.0
 11
-521.941555844373
 21
-156.9904466436485
 31
0.0
  0
LINE
  5
F6
330
1F
100
AcDbEntity
  8
0
100
AcDbLine
 10
-423.5774456764272
 20
-36.49170401287076
 30
0.0
 11
-444.6847052942512
 21
-33.04542017355857
 31
0.0
  0
LINE
  5
F7
330
1F
100
AcDbEntity
  8
0
100
AcDbLine
 10
-53.16213967018798
 20
251.0373946825064
 30
0.0
 11
-54.25013961406541
 21
248.7379903261308
 31
0.0
  0
LINE
  5
F8
330
1F
100
AcDbEntity
  8
0
100
AcDbLine
 10
-61.28460135622478
 20
234.4099564227649
 30
0.0
 11
-54.25013961406541
 21
248.7379903261308
 31
0.0
  0
LINE
  5
F9
330
1F
100
AcDbEntity
  8
0
100
AcDbLine
 10
-69.01482062788826
 20
223.095676671551
 30
0.0
 11
-61.28460135622478
 21
234.4099564227649
 31
0.0
  0
LINE
  5
FA
330
1F
100
AcDbEntity
  8
0
100
AcDbLine
 10
-511.3586885174669
 20
-43.30358533681287
 30
0.0
 11
-507.2509827737595
 21
-40.88466769216397
 31
0.0
  0
LINE
  5
FB
330
1F
100
AcDbEntity
  8
0
100
AcDbLine
 10
231.3165876572425
 20
-288.1697196555049
 30
0.0
 11
346.9012850345229
 21
-288.1697196555045
 31
0.0
  0
LINE
  5
FC
330
1F
100
AcDbEntity
  8
0
100
AcDbLine
 10
-81.27033376533518
 20
213.5110779650261
 30
0.0
 11
-78.10972235916712
 21
215.2047485730049
 31
0.0
  0
LINE
  5
FD
330
1F
100
AcDbEntity
  8
0
100
AcDbLine
 10
-81.27033376533518
 20
213.5110779650261
 30
0.0
 11
-81.27033376533518
 21
103.9102373428998
 31
0.0
  0
LINE
  5
FE
330
1F
100
AcDbEntity
  8
0
100
AcDbLine
 10
-525.0030198184144
 20
-150.360376952929
 30
0.0
 11
-524.7698591398722
 21
-152.3960983675891
 31
0.0
  0
LINE
  5
FF
330
1F
100
AcDbEntity
  8
0
100
AcDbLine
 10
-470.6291476767526
 20
-346.9354660173875
 30
0.0
 11
-466.8964883558527
 21
-350.189196509231
 31
0.0
  0
LINE
  5
100
330
1F
100
AcDbEntity
  8
0
100
AcDbLine
 10
-472.3023558041486
 20
-345.2876119789135
 30
0.0
 11
-470.6291476767526
 21
-346.9354660173875
 31
0.0
  0
LINE
  5
101
330
1F
100
AcDbEntity
  8
0
100
AcDbLine
 10
-81.27033376533518
 20
103.9102373428998
 30
0.0
 11
-525.0030198184148
 21
75.43055774199613
 31
0.0
  0
LINE
  5
102
330
1F
100
AcDbEntity
  8
0
100
AcDbLine
 10
-525.0030198184148
 20
11.14372512138777
 30
0.0
 11
-525.0030198184148
 21
75.43055774199613
 31
0.0
  0
LINE
  5
103
330
1F
100
AcDbEntity
  8
0
100
AcDbLine
 10
-522.0683126472567
 20
0.7943601591435807
 30
0.0
 11
-525.0030198184148
 21
11.14372512138777
 31
0.0
  0
LINE
  5
104
330
1F
100
AcDbEntity
  8
0
100
AcDbLine
 10
42.51946122625492
 20
261.6776387961519
 30
0.0
 11
44.70146856689633
 21
260.3700271422641
 31
0.0
  0
LINE
  5
105
330
1F
100
AcDbEntity
  8
0
100
AcDbLine
 10
83.45210498747718
 20
300.0635107722221
 30
0.0
 11
86.49325834337431
 21
313.407833194143
 31
0.0
  0
LINE
  5
106
330
1F
100
AcDbEntity
  8
0
100
AcDbLine
 10
90.73189027996172
 20
-282.1697196555046
 30
0.0
 11
201.3165876572424
 21
-282.1697196555044
 31
0.0
  0
LINE
  5
107
330
1F
100
AcDbEntity
  8
0
100
AcDbLine
 10
3.00000000000004
 20
54.31223326163768
 30
0.0
 11
-3.00000000000022
 21
54.31223326163768
 31
0.0
  0
LINE
  5
108
330
1F
100
AcDbEntity
  8
0
100
AcDbLine
 10
-3.00000000000022
 20
54.31223326163768
 30
0.0
 11
-3.00000000000022
 21
84.31223326163772
 31
0.0
  0
LINE
  5
109
330
1F
100
AcDbEntity
  8
0
100
AcDbLine
 10
-3.00000000000022
 20
84.31223326163772
 30
0.0
 11
3.00000000000004
 21
84.31223326163772
 31
0.0
  0
LINE
  5
10A
330
1F
100
AcDbEntity
  8
0
100
AcDbLine
 10
48.6298494010129
 20
257.1467462148365
 30
0.0
 11
50.33840144920426
 21
255.2621098651347
 31
0.0
  0
LINE
  5
10B
330
1F
100
AcDbEntity
  8
0
100
AcDbLine
 10
46.74482225393071
 20
258.8548670907581
 30
0.0
 11
48.6298494010129
 21
257.1467462148365
 31
0.0
  0
LINE
  5
10C
330
1F
100
AcDbEntity
  8
0
100
AcDbLine
 10
-78.10972235916712
 20
215.2047485730049
 30
0.0
 11
-72.46910902608714
 21
219.4883178337581
 31
0.0
  0
LINE
  5
10D
330
1F
100
AcDbEntity
  8
0
100
AcDbLine
 10
40.2198080402429
 20
262.7651127020738
 30
0.0
 11
42.51946122625492
 21
261.6776387961519
 31
0.0
  0
LINE
  5
10E
330
1F
100
AcDbEntity
  8
0
100
AcDbLine
 10
37.82464948118712
 20
263.6219789395801
 30
0.0
 11
40.2198080402429
 21
262.7651127020738
 31
0.0
  0
LINE
  5
10F
330
1F
100
AcDbEntity
  8
0
100
AcDbLine
 10
35.35704552270318
 20
264.2399878198327
 30
0.0
 11
37.82464948118712
 21
263.6219789395801
 31
0.0
  0
LINE
  5
110
330
1F
100
AcDbEntity
  8
0
100
AcDbLine
 10
-216.4241401736635
 20
-317.791162573705
 30
0.0
 11
-194.34889620111
 21
-317.1567261963081
 31
0.0
  0
LINE
  5
111
330
1F
100
AcDbEntity
  8
0
100
AcDbLine
 10
-44.70146856689651
 20
260.3700271422641
 30
0.0
 11
-46.74482225393089
 21
258.8548670907581
 31
0.0
  0
LINE
  5
112
330
1F
100
AcDbEntity
  8
0
100
AcDbLine
 10
-46.74482225393089
 20
258.8548670907581
 30
0.0
 11
-48.62984940101309
 21
257.1467462148364
 31
0.0
  0
LINE
  5
113
330
1F
100
AcDbEntity
  8
0
100
AcDbLine
 10
-3.00000000000004
 20
194.8969306389186
 30
0.0
 11
-3.00000000000004
 21
224.8969306389185
 31
0.0
  0
LINE
  5
114
330
1F
100
AcDbEntity
  8
0
100
AcDbLine
 10
-3.00000000000004
 20
224.8969306389185
 30
0.0
 11
2.999999999999859
 21
224.8969306389185
 31
0.0
  0
LINE
  5
115
330
1F
100
AcDbEntity
  8
0
100
AcDbLine
 10
199.6111457451104
 20
-143.8191402303646
 30
0.0
 11
153.2889654080903
 21
-147.2646466425876
 31
0.0
  0
LINE
  5
116
330
1F
100
AcDbEntity
  8
0
100
AcDbLine
 10
51.85402889665283
 20
253.2191028380942
 30
0.0
 11
53.1621396701878
 21
251.0373946825064
 31
0.0
  0
LINE
  5
117
330
1F
100
AcDbEntity
  8
0
100
AcDbLine
 10
50.33840144920426
 20
255.2621098651347
 30
0.0
 11
51.85402889665283
 21
253.2191028380942
 31
0.0
  0
LINE
  5
118
330
1F
100
AcDbEntity
  8
0
100
AcDbLine
 10
2.999999999999859
 20
194.8969306389186
 30
0.0
 11
-3.00000000000004
 21
194.8969306389186
 31
0.0
  0
LINE
  5
119
330
1F
100
AcDbEntity
  8
0
100
AcDbLine
 10
-67.80025101651707
 20
-35.9801154270026
 30
0.0
 11
67.80025101651688
 21
-35.98011542700269
 31
0.0
  0
LINE
  5
11A
330
1F
100
AcDbEntity
  8
0
100
AcDbLine
 10
-523.6997618917239
 20
-52.97328500734693
 30
0.0
 11
-521.9415558443732
 21
-51.11078461432596
 31
0.0
  0
LINE
  5
11B
330
1F
100
AcDbEntity
  8
0
100
AcDbLine
 10
506.4328965987935
 20
-13.36984511468539
 30
0.0
 11
67.80025101651688
 21
-35.98011542700269
 31
0.0
  0
LINE
  5
11C
330
1F
100
AcDbEntity
  8
0
100
AcDbLine
 10
506.4328965987935
 20
-13.36984511468539
 30
0.0
 11
510.507147292069
 21
-11.83379551877621
 31
0.0
  0
LINE
  5
11D
330
1F
100
AcDbEntity
  8
0
100
AcDbLine
 10
510.507147292069
 20
-11.83379551877621
 30
0.0
 11
517.8337783976389
 21
-6.668248081673667
 31
0.0
  0
LINE
  5
11E
330
1F
100
AcDbEntity
  8
0
100
AcDbLine
 10
32.8407536241719
 20
264.6131893114991
 30
0.0
 11
35.35704552270318
 21
264.2399878198327
 31
0.0
  0
LINE
  5
11F
330
1F
100
AcDbEntity
  8
0
100
AcDbLine
 10
318.6442432811954
 20
-220.9864529742847
 30
0.0
 11
324.9268989232478
 21
-218.7618602252248
 31
0.0
  0
LINE
  5
120
330
1F
100
AcDbEntity
  8
0
100
AcDbLine
 10
30.29999999999988
 20
264.7379903261308
 30
0.0
 11
32.8407536241719
 21
264.6131893114991
 31
0.0
  0
LINE
  5
121
330
1F
100
AcDbEntity
  8
0
100
AcDbLine
 10
3.00000000000004
 20
-15.98011542700264
 30
0.0
 11
-3.00000000000022
 21
-15.98011542700264
 31
0.0
  0
LINE
  5
122
330
1F
100
AcDbEntity
  8
0
100
AcDbLine
 10
-3.00000000000022
 20
-15.98011542700264
 30
0.0
 11
-3.00000000000022
 21
14.01988457299731
 31
0.0
  0
LINE
  5
123
330
1F
100
AcDbEntity
  8
0
100
AcDbLine
 10
21.95115685769481
 20
-200.7824006724516
 30
0.0
 11
1.509414533364249
 21
-237.563260437657
 31
0.0
  0
LINE
  5
124
330
1F
100
AcDbEntity
  8
0
100
AcDbLine
 10
400.2743064835327
 20
-171.196402564567
 30
0.0
 11
352.7888682334477
 21
-171.1964025645671
 31
0.0
  0
LINE
  5
125
330
1F
100
AcDbEntity
  8
0
100
AcDbLine
 10
61.28460135622461
 20
234.4099564227649
 30
0.0
 11
54.25013961406523
 21
248.7379903261309
 31
0.0
  0
LINE
  5
126
330
1F
100
AcDbEntity
  8
0
100
AcDbLine
 10
53.1621396701878
 20
251.0373946825064
 30
0.0
 11
54.25013961406523
 21
248.7379903261309
 31
0.0
  0
LINE
  5
127
330
1F
100
AcDbEntity
  8
0
100
AcDbLine
 10
362.3918351076583
 20
205.9961633524308
 30
0.0
 11
490.2018869162232
 21
228.5726493149124
 31
0.0
  0
LINE
  5
128
330
1F
100
AcDbEntity
  8
0
100
AcDbLine
 10
278.1302605856356
 20
271.6892365508587
 30
0.0
 11
278.6399040258316
 21
271.2620768436134
 31
0.0
  0
LINE
  5
129
330
1F
100
AcDbEntity
  8
0
100
AcDbLine
 10
-123.4811360712098
 20
-190.4940879181133
 30
0.0
 11
-102.2326535556374
 21
-237.563260437657
 31
0.0
  0
LINE
  5
12A
330
1F
100
AcDbEntity
  8
0
100
AcDbLine
 10
-176.4159244243375
 20
-214.3904911174669
 30
0.0
 11
-163.9726962369476
 21
-225.0615599207541
 31
0.0
  0
LINE
  5
12B
330
1F
100
AcDbEntity
  8
0
100
AcDbLine
 10
-400.3964689448949
 20
-107.0506156289871
 30
0.0
 11
-400.3964689448949
 21
-101.050615628987
 31
0.0
  0
LINE
  5
12C
330
1F
100
AcDbEntity
  8
0
100
AcDbLine
 10
199.6111457451103
 20
-64.2820910276075
 30
0.0
 11
153.2889654080902
 21
-60.83658461538477
 31
0.0
  0
LINE
  5
12D
330
1F
100
AcDbEntity
  8
0
100
AcDbLine
 10
483.1528854780353
 20
313.4078331941438
 30
0.0
 11
481.8634091141267
 21
316.9448657190026
 31
0.0
  0
LINE
  5
12E
330
1F
100
AcDbEntity
  8
0
100
AcDbLine
 10
291.0062397955789
 20
271.2620768436133
 30
0.0
 11
290.4688474054459
 21
270.8703993351249
 31
0.0
  0
LINE
  5
12F
330
1F
100
AcDbEntity
  8
0
100
AcDbLine
 10
30.29999999999988
 20
264.7379903261308
 30
0.0
 11
-30.30000000000006
 21
264.7379903261308
 31
0.0
  0
LINE
  5
130
330
1F
100
AcDbEntity
  8
0
100
AcDbLine
 10
-478.3887871120262
 20
-174.6380114837873
 30
0.0
 11
-472.4427502881156
 21
-175.0558110844158
 31
0.0
  0
LINE
  5
131
330
1F
100
AcDbEntity
  8
0
100
AcDbLine
 10
288.0927721468702
 20
269.6918448755598
 30
0.0
 11
287.4557610988359
 21
269.5010078343154
 31
0.0
  0
LINE
  5
132
330
1F
100
AcDbEntity
  8
0
100
AcDbLine
 10
-32.84075362417207
 20
264.6131893114991
 30
0.0
 11
-35.35704552270337
 21
264.2399878198327
 31
0.0
  0
LINE
  5
133
330
1F
100
AcDbEntity
  8
0
100
AcDbLine
 10
-35.35704552270337
 20
264.2399878198327
 30
0.0
 11
-37.8246494811873
 21
263.62197893958
 31
0.0
  0
LINE
  5
134
330
1F
100
AcDbEntity
  8
0
100
AcDbLine
 10
517.8337783976389
 20
-6.668248081673667
 30
0.0
 11
522.0683126472567
 21
0.7943601591435807
 31
0.0
  0
LINE
  5
135
330
1F
100
AcDbEntity
  8
0
100
AcDbLine
 10
-220.4375044745997
 20
-294.1697196555057
 30
0.0
 11
-216.4241401736635
 21
-317.791162573705
 31
0.0
  0
LINE
  5
136
330
1F
100
AcDbEntity
  8
0
100
AcDbLine
 10
-49.85280709731919
 20
-282.1697196555048
 30
0.0
 11
60.73189027996177
 21
-282.1697196555048
 31
0.0
  0
LINE
  5
137
330
1F
100
AcDbEntity
  8
0
100
AcDbLine
 10
-350.3364040367596
 20
-288.1697196555058
 30
0.0
 11
-350.3364040367596
 21
-282.1697196555052
 31
0.0
  0
LINE
  5
138
330
1F
100
AcDbEntity
  8
0
100
AcDbLine
 10
-511.3586885174667
 20
-164.7976459211616
 30
0.0
 11
-507.2509827737593
 21
-167.2165635658105
 31
0.0
  0
LINE
  5
139
330
1F
100
AcDbEntity
  8
0
100
AcDbLine
 10
93.28911100566471
 20
327.7620630766001
 30
0.0
 11
96.02336322122977
 21
330.9753265286961
 31
0.0
  0
LINE
  5
13A
330
1F
100
AcDbEntity
  8
0
100
AcDbLine
 10
78.10972235916694
 20
215.2047485730049
 30
0.0
 11
72.46910902608695
 21
219.4883178337581
 31
0.0
  0
LINE
  5
13B
330
1F
100
AcDbEntity
  8
0
100
AcDbLine
 10
72.46910902608695
 20
219.4883178337581
 30
0.0
 11
69.01482062788807
 21
223.095676671551
 31
0.0
  0
LINE
  5
13C
330
1F
100
AcDbEntity
  8
0
100
AcDbLine
 10
69.01482062788807
 20
223.095676671551
 30
0.0
 11
61.28460135622461
 21
234.4099564227649
 31
0.0
  0
LINE
  5
13D
330
1F
100
AcDbEntity
  8
0
100
AcDbLine
 10
307.5540068348926
 20
-221.8612931946198
 30
0.0
 11
21.95115685769481
 21
-200.7824006724516
 31
0.0
  0
LINE
  5
13E
330
1F
100
AcDbEntity
  8
0
100
AcDbLine
 10
314.9584806891608
 20
-221.6306376148396
 30
0.0
 11
307.5540068348926
 21
-221.8612931946198
 31
0.0
  0
LINE
  5
13F
330
1F
100
AcDbEntity
  8
0
100
AcDbLine
 10
332.9688882897835
 20
-132.8065013490172
 30
0.0
 11
332.9688882897833
 21
-75.2947299089544
 31
0.0
  0
LINE
  5
140
330
1F
100
AcDbEntity
  8
0
100
AcDbLine
 10
-472.6674635706396
 20
-225.5594203221444
 30
0.0
 11
-473.7750480267766
 21
-227.7668353048308
 31
0.0
  0
LINE
  5
141
330
1F
100
AcDbEntity
  8
0
100
AcDbLine
 10
-129.9128720054547
 20
-101.0506156289868
 30
0.0
 11
-99.91287200545472
 21
-101.0506156289867
 31
0.0
  0
LINE
  5
142
330
1F
100
AcDbEntity
  8
0
100
AcDbLine
 10
486.1940388339331
 20
300.0635107722228
 30
0.0
 11
483.1528854780353
 21
313.4078331941438
 31
0.0
  0
LINE
  5
143
330
1F
100
AcDbEntity
  8
0
100
AcDbLine
 10
277.6507045337431
 20
272.1499184853014
 30
0.0
 11
275.5293841901831
 21
274.2712388288606
 31
0.0
  0
LINE
  5
144
330
1F
100
AcDbEntity
  8
0
100
AcDbLine
 10
-517.8337783976392
 20
-6.668248081673667
 30
0.0
 11
-522.0683126472567
 21
0.7943601591435807
 31
0.0
  0
LINE
  5
145
330
1F
100
AcDbEntity
  8
0
100
AcDbLine
 10
512.1692841394339
 20
-305.6731404144915
 30
0.0
 11
512.1692841394339
 21
-307.722168028724
 31
0.0
  0
LINE
  5
146
330
1F
100
AcDbEntity
  8
0
100
AcDbLine
 10
93.28911100566471
 20
327.7620630766001
 30
0.0
 11
87.78273470728287
 21
316.9448657190019
 31
0.0
  0
LINE
  5
147
330
1F
100
AcDbEntity
  8
0
100
AcDbLine
 10
86.49325834337431
 20
313.407833194143
 30
0.0
 11
87.78273470728287
 21
316.9448657190019
 31
0.0
  0
LINE
  5
148
330
1F
100
AcDbEntity
  8
0
100
AcDbLine
 10
332.5420500439619
 20
-209.646765775925
 30
0.0
 11
352.7888682334477
 21
-171.1964025645671
 31
0.0
  0
LINE
  5
149
330
1F
100
AcDbEntity
  8
0
100
AcDbLine
 10
327.1372761222285
 20
-217.2375232828399
 30
0.0
 11
324.9268989232478
 21
-218.7618602252248
 31
0.0
  0
LINE
  5
14A
330
1F
100
AcDbEntity
  8
0
100
AcDbLine
 10
-380.3364040367596
 20
-288.1697196555052
 30
0.0
 11
-439.9429549102791
 21
-288.169719655506
 31
0.0
  0
LINE
  5
14B
330
1F
100
AcDbEntity
  8
0
100
AcDbLine
 10
296.8412201263873
 20
-101.0506156289875
 30
0.0
 11
316.8412201263873
 21
-101.0506156289874
 31
0.0
  0
LINE
  5
14C
330
1F
100
AcDbEntity
  8
0
100
AcDbLine
 10
-474.942954910279
 20
-338.8828129995601
 30
0.0
 11
-474.9429549102789
 21
-305.1697196555055
 31
0.0
  0
LINE
  5
14D
330
1F
100
AcDbEntity
  8
0
100
AcDbLine
 10
-474.942954910279
 20
-338.8828129995601
 30
0.0
 11
-473.7750480267761
 21
-342.5726040061799
 31
0.0
  0
LINE
  5
14E
330
1F
100
AcDbEntity
  8
0
100
AcDbLine
 10
400.2743064835335
 20
-318.2834085263802
 30
0.0
 11
452.3965565535761
 21
-318.283208553637
 31
0.0
  0
LINE
  5
14F
330
1F
100
AcDbEntity
  8
0
100
AcDbLine
 10
-79.85280709731886
 20
-294.1697196555048
 30
0.0
 11
-76.52257897470952
 21
-313.7704305813612
 31
0.0
  0
LINE
  5
150
330
1F
100
AcDbEntity
  8
0
100
AcDbLine
 10
81.270333765335
 20
103.9102373428998
 30
0.0
 11
525.0030198184147
 21
75.43055774199613
 31
0.0
  0
LINE
  5
151
330
1F
100
AcDbEntity
  8
0
100
AcDbLine
 10
81.270333765335
 20
213.5110779650261
 30
0.0
 11
81.270333765335
 21
103.9102373428998
 31
0.0
  0
LINE
  5
152
330
1F
100
AcDbEntity
  8
0
100
AcDbLine
 10
81.270333765335
 20
213.5110779650261
 30
0.0
 11
78.10972235916694
 21
215.2047485730049
 31
0.0
  0
LINE
  5
153
330
1F
100
AcDbEntity
  8
0
100
AcDbLine
 10
-490.0030198184143
 20
-84.0506156289871
 30
0.0
 11
-525.0030198184144
 21
-84.05061562898719
 31
0.0
  0
LINE
  5
154
330
1F
100
AcDbEntity
  8
0
100
AcDbLine
 10
-123.4811360712098
 20
-190.4940879181133
 30
0.0
 11
-113.9812376396296
 21
-186.2055394920848
 31
0.0
  0
LINE
  5
155
330
1F
100
AcDbEntity
  8
0
100
AcDbLine
 10
522.0683126472567
 20
0.7943601591435807
 30
0.0
 11
525.0030198184145
 21
11.14372512138777
 31
0.0
  0
LINE
  5
156
330
1F
100
AcDbEntity
  8
0
100
AcDbLine
 10
525.0030198184145
 20
11.14372512138777
 30
0.0
 11
525.0030198184147
 21
75.43055774199613
 31
0.0
  0
LINE
  5
157
330
1F
100
AcDbEntity
  8
0
100
AcDbLine
 10
366.9012850345225
 20
-276.1697196555042
 30
0.0
 11
366.9012850345229
 21
-288.169719655504
 31
0.0
  0
LINE
  5
158
330
1F
100
AcDbEntity
  8
0
100
AcDbLine
 10
-444.6847052942512
 20
-33.04542017355857
 30
0.0
 11
-472.4427502881158
 21
-33.04542017355857
 31
0.0
  0
LINE
  5
159
330
1F
100
AcDbEntity
  8
0
100
AcDbLine
 10
-525.0030198184146
 20
-57.7408543050455
 30
0.0
 11
-524.7698591398723
 21
-55.70513289038539
 31
0.0
  0
LINE
  5
15A
330
1F
100
AcDbEntity
  8
0
100
AcDbLine
 10
276.7864865576831
 20
-132.8065013490173
 30
0.0
 11
219.6164379085876
 21
-141.4711504759952
 31
0.0
  0
LINE
  5
15B
330
1F
100
AcDbEntity
  8
0
100
AcDbLine
 10
-200.2052206940952
 20
-101.0506156289867
 30
0.0
 11
-170.205220694095
 21
-101.0506156289866
 31
0.0
  0
LINE
  5
15C
330
1F
100
AcDbEntity
  8
0
100
AcDbLine
 10
-200.2052206940952
 20
-101.0506156289867
 30
0.0
 11
-200.2052206940952
 21
-107.0506156289867
 31
0.0
  0
LINE
  5
15D
330
1F
100
AcDbEntity
  8
0
100
AcDbLine
 10
-129.9128720054547
 20
-107.0506156289864
 30
0.0
 11
-99.91287200545472
 21
-107.0506156289864
 31
0.0
  0
LINE
  5
15E
330
1F
100
AcDbEntity
  8
0
100
AcDbLine
 10
-430.3964689448949
 20
-107.0506156289871
 30
0.0
 11
-400.3964689448949
 21
-107.0506156289871
 31
0.0
  0
LINE
  5
15F
330
1F
100
AcDbEntity
  8
0
100
AcDbLine
 10
-79.85280709731913
 20
-282.1697196555048
 30
0.0
 11
-79.85280709731886
 21
-294.1697196555048
 31
0.0
  0
LINE
  5
160
330
1F
100
AcDbEntity
  8
0
100
AcDbLine
 10
-340.7899180713757
 20
-107.0506156289871
 30
0.0
 11
-310.7899180713758
 21
-107.050615628987
 31
0.0
  0
LINE
  5
161
330
1F
100
AcDbEntity
  8
0
100
AcDbLine
 10
-340.7899180713757
 20
-101.0506156289868
 30
0.0
 11
-340.7899180713757
 21
-107.0506156289871
 31
0.0
  0
LINE
  5
162
330
1F
100
AcDbEntity
  8
0
100
AcDbLine
 10
-270.4975693827354
 20
-101.0506156289867
 30
0.0
 11
-240.4975693827355
 21
-101.0506156289867
 31
0.0
  0
LINE
  5
163
330
1F
100
AcDbEntity
  8
0
100
AcDbLine
 10
-76.52257897470952
 20
-313.7704305813612
 30
0.0
 11
-53.07332533302309
 21
-313.0965055478896
 31
0.0
  0
LINE
  5
164
330
1F
100
AcDbEntity
  8
0
100
AcDbLine
 10
407.0819262583552
 20
-296.2832378882548
 30
0.0
 11
406.0282613287027
 21
-297.6741882074213
 31
0.0
  0
LINE
  5
165
330
1F
100
AcDbEntity
  8
0
100
AcDbLine
 10
-463.3161597400094
 20
-217.7866232216986
 30
0.0
 11
-458.1092255216673
 21
-215.7563832968928
 31
0.0
  0
LINE
  5
166
330
1F
100
AcDbEntity
  8
0
100
AcDbLine
 10
44.70146856689633
 20
260.3700271422641
 30
0.0
 11
46.74482225393071
 21
258.8548670907581
 31
0.0
  0
LINE
  5
167
330
1F
100
AcDbEntity
  8
0
100
AcDbLine
 10
219.6164379085876
 20
-141.4711504759952
 30
0.0
 11
199.6111457451104
 21
-143.8191402303646
 31
0.0
  0
LINE
  5
168
330
1F
100
AcDbEntity
  8
0
100
AcDbLine
 10
-176.4159244243375
 20
-214.3904911174669
 30
0.0
 11
-123.4811360712098
 21
-190.4940879181133
 31
0.0
  0
LINE
  5
169
330
1F
100
AcDbEntity
  8
0
100
AcDbLine
 10
-71.1237739338993
 20
-172.8756373698932
 30
0.0
 11
-74.14099869594548
 21
-173.1907212376651
 31
0.0
  0
LINE
  5
16A
330
1F
100
AcDbEntity
  8
0
100
AcDbLine
 10
2.999999999999769
 20
124.6045819502781
 30
0.0
 11
2.999999999999769
 21
154.6045819502781
 31
0.0
  0
LINE
  5
16B
330
1F
100
AcDbEntity
  8
0
100
AcDbLine
 10
2.999999999999769
 20
124.6045819502781
 30
0.0
 11
-2.999999999999949
 21
124.6045819502781
 31
0.0
  0
LINE
  5
16C
330
1F
100
AcDbEntity
  8
0
100
AcDbLine
 10
346.9012850345226
 20
-276.1697196555042
 30
0.0
 11
346.9012850345229
 21
-288.1697196555045
 31
0.0
  0
LINE
  5
16D
330
1F
100
AcDbEntity
  8
0
100
AcDbLine
 10
286.8072920504762
 20
269.3537334477164
 30
0.0
 11
286.1503404249647
 21
269.2506974667857
 31
0.0
  0
LINE
  5
16E
330
1F
100
AcDbEntity
  8
0
100
AcDbLine
 10
276.7864865576831
 20
-75.2947299089545
 30
0.0
 11
332.9688882897833
 21
-75.2947299089544
 31
0.0
  0
LINE
  5
16F
330
1F
100
AcDbEntity
  8
0
100
AcDbLine
 10
-270.4975693827354
 20
-101.0506156289867
 30
0.0
 11
-270.4975693827354
 21
-107.0506156289869
 31
0.0
  0
LINE
  5
170
330
1F
100
AcDbEntity
  8
0
100
AcDbLine
 10
-501.9113999708086
 20
-169.7726285459763
 30
0.0
 11
-507.2509827737593
 21
-167.2165635658105
 31
0.0
  0
LINE
  5
171
330
1F
100
AcDbEntity
  8
0
100
AcDbLine
 10
327.1372761222285
 20
-217.2375232828399
 30
0.0
 11
332.5420500439619
 21
-209.646765775925
 31
0.0
  0
LINE
  5
172
330
1F
100
AcDbEntity
  8
0
100
AcDbLine
 10
408.8546145262586
 20
-293.4645083717143
 30
0.0
 11
408.0091049685703
 21
-294.8995537697974
 31
0.0
  0
LINE
  5
173
330
1F
100
AcDbEntity
  8
0
100
AcDbLine
 10
408.0091049685703
 20
-294.8995537697974
 30
0.0
 11
407.0819262583552
 21
-296.2832378882548
 31
0.0
  0
LINE
  5
174
330
1F
100
AcDbEntity
  8
0
100
AcDbLine
 10
111.8106374271203
 20
336.7138945597849
 30
0.0
 11
148.4344859107055
 21
340.8574837742811
 31
0.0
  0
LINE
  5
175
330
1F
100
AcDbEntity
  8
0
100
AcDbLine
 10
490.2018869162232
 20
228.5726493149124
 30
0.0
 11
486.1940388339331
 21
300.0635107722228
 31
0.0
  0
LINE
  5
176
330
1F
100
AcDbEntity
  8
0
100
AcDbLine
 10
280.9307414763321
 20
269.9253689383621
 30
0.0
 11
281.5533716745404
 21
269.6918448755597
 31
0.0
  0
LINE
  5
177
330
1F
100
AcDbEntity
  8
0
100
AcDbLine
 10
79.44425690518763
 20
228.5726493149114
 30
0.0
 11
83.45210498747718
 21
300.0635107722221
 31
0.0
  0
LINE
  5
178
330
1F
100
AcDbEntity
  8
0
100
AcDbLine
 10
-375.5627225056012
 20
-322.3647612077343
 30
0.0
 11
-355.0347162638082
 21
-321.7747920127661
 31
0.0
  0
LINE
  5
179
330
1F
100
AcDbEntity
  8
0
100
AcDbLine
 10
-450.8461776149343
 20
-214.3904911174675
 30
0.0
 11
-458.1092255216673
 21
-215.7563832968928
 31
0.0
  0
LINE
  5
17A
330
1F
100
AcDbEntity
  8
0
100
AcDbLine
 10
-113.9812376396296
 20
-186.2055394920848
 30
0.0
 11
-90.79677152014257
 21
-237.5632604376574
 31
0.0
  0
LINE
  5
17B
330
1F
100
AcDbEntity
  8
0
100
AcDbLine
 10
318.6442432811954
 20
-220.9864529742847
 30
0.0
 11
314.9584806891608
 21
-221.6306376148396
 31
0.0
  0
LINE
  5
17C
330
1F
100
AcDbEntity
  8
0
100
AcDbLine
 10
365.0965245726968
 20
-301.0784202646362
 30
0.0
 11
366.9012850345229
 21
-288.169719655504
 31
0.0
  0
LINE
  5
17D
330
1F
100
AcDbEntity
  8
0
100
AcDbLine
 10
-472.667463570639
 20
-344.7800189888664
 30
0.0
 11
-472.3023558041486
 21
-345.2876119789135
 31
0.0
  0
LINE
  5
17E
330
1F
100
AcDbEntity
  8
0
100
AcDbLine
 10
-439.9429549102791
 20
-305.1697196555061
 30
0.0
 11
-474.9429549102789
 21
-305.1697196555055
 31
0.0
  0
LINE
  5
17F
330
1F
100
AcDbEntity
  8
0
100
AcDbLine
 10
-10.0117474101067
 20
-288.1697196555052
 30
0.0
 11
60.73189027996177
 21
-288.1697196555045
 31
0.0
  0
LINE
  5
180
330
1F
100
AcDbEntity
  8
0
100
AcDbLine
 10
-490.0030198184143
 20
-124.0506156289872
 30
0.0
 11
-525.0030198184144
 21
-124.0506156289873
 31
0.0
  0
LINE
  5
181
330
1F
100
AcDbEntity
  8
0
100
AcDbLine
 10
-501.9113999708086
 20
-169.7726285459763
 30
0.0
 11
-497.4082878751204
 21
-171.225080678835
 31
0.0
  0
LINE
  5
182
330
1F
100
AcDbEntity
  8
0
100
AcDbLine
 10
276.7864865576831
 20
-132.8065013490173
 30
0.0
 11
332.9688882897835
 21
-132.8065013490172
 31
0.0
  0
LINE
  5
183
330
1F
100
AcDbEntity
  8
0
100
AcDbLine
 10
-524.7698591398723
 20
-55.70513289038539
 30
0.0
 11
-524.3793277710505
 21
-54.35163940824495
 31
0.0
  0
LINE
  5
184
330
1F
100
AcDbEntity
  8
0
100
AcDbLine
 10
316.8412201263873
 20
-107.0506156289844
 30
0.0
 11
316.8412201263873
 21
-101.0506156289874
 31
0.0
  0
LINE
  5
185
330
1F
100
AcDbEntity
  8
0
100
AcDbLine
 10
151.2565227491066
 20
-101.0506156289868
 30
0.0
 11
181.2565227491066
 21
-101.0506156289867
 31
0.0
  0
LINE
  5
186
330
1F
100
AcDbEntity
  8
0
100
AcDbLine
 10
181.2565227491066
 20
-101.0506156289867
 30
0.0
 11
181.2565227491066
 21
-107.0506156289855
 31
0.0
  0
LINE
  5
187
330
1F
100
AcDbEntity
  8
0
100
AcDbLine
 10
151.2565227491066
 20
-107.0506156289855
 30
0.0
 11
181.2565227491066
 21
-107.0506156289855
 31
0.0
  0
LINE
  5
188
330
1F
100
AcDbEntity
  8
0
100
AcDbLine
 10
10.67182537182624
 20
-101.0506156289865
 30
0.0
 11
10.67182537182624
 21
-107.0506156289862
 31
0.0
  0
LINE
  5
189
330
1F
100
AcDbEntity
  8
0
100
AcDbLine
 10
10.67182537182624
 20
-101.0506156289865
 30
0.0
 11
40.6718253718261
 21
-101.0506156289864
 31
0.0
  0
LINE
  5
18A
330
1F
100
AcDbEntity
  8
0
100
AcDbLine
 10
40.6718253718261
 20
-101.0506156289864
 30
0.0
 11
40.6718253718261
 21
-107.0506156289863
 31
0.0
  0
LINE
  5
18B
330
1F
100
AcDbEntity
  8
0
100
AcDbLine
 10
10.67182537182624
 20
-107.0506156289862
 30
0.0
 11
40.6718253718261
 21
-107.0506156289863
 31
0.0
  0
LINE
  5
18C
330
1F
100
AcDbEntity
  8
0
100
AcDbLine
 10
-129.9128720054547
 20
-101.0506156289868
 30
0.0
 11
-129.9128720054547
 21
-107.0506156289864
 31
0.0
  0
LINE
  5
18D
330
1F
100
AcDbEntity
  8
0
100
AcDbLine
 10
-170.205220694095
 20
-101.0506156289866
 30
0.0
 11
-170.205220694095
 21
-107.0506156289866
 31
0.0
  0
LINE
  5
18E
330
1F
100
AcDbEntity
  8
0
100
AcDbLine
 10
-200.2052206940952
 20
-107.0506156289867
 30
0.0
 11
-170.205220694095
 21
-107.0506156289866
 31
0.0
  0
LINE
  5
18F
330
1F
100
AcDbEntity
  8
0
100
AcDbLine
 10
-240.4975693827355
 20
-101.0506156289867
 30
0.0
 11
-240.4975693827355
 21
-107.0506156289869
 31
0.0
  0
LINE
  5
190
330
1F
100
AcDbEntity
  8
0
100
AcDbLine
 10
-270.4975693827354
 20
-107.0506156289869
 30
0.0
 11
-240.4975693827355
 21
-107.0506156289869
 31
0.0
  0
LINE
  5
191
330
1F
100
AcDbEntity
  8
0
100
AcDbLine
 10
-340.7899180713757
 20
-101.0506156289868
 30
0.0
 11
-310.7899180713758
 21
-101.0506156289868
 31
0.0
  0
LINE
  5
192
330
1F
100
AcDbEntity
  8
0
100
AcDbLine
 10
-310.7899180713758
 20
-101.0506156289868
 30
0.0
 11
-310.7899180713758
 21
-107.050615628987
 31
0.0
  0
LINE
  5
193
330
1F
100
AcDbEntity
  8
0
100
AcDbLine
 10
-525.0030198184148
 20
75.43055774199613
 30
0.0
 11
-525.0030198184148
 21
133.7013559213876
 31
0.0
  0
LINE
  5
194
330
1F
100
AcDbEntity
  8
0
100
AcDbLine
 10
-525.0030198184148
 20
133.7013559213876
 30
0.0
 11
-81.27033376533518
 21
213.5110779650261
 31
0.0
  0
LINE
  5
195
330
1F
100
AcDbEntity
  8
0
100
AcDbLine
 10
406.0282613287027
 20
-297.6741882074213
 30
0.0
 11
403.1027336082813
 21
-300.5997119504203
 31
0.0
  0
LINE
  5
196
330
1F
100
AcDbEntity
  8
0
100
AcDbLine
 10
392.0730089260255
 20
-108.958764830087
 30
0.0
 11
400.1993142952543
 21
-105.4880496605651
 31
0.0
  0
LINE
  5
197
330
1F
100
AcDbEntity
  8
0
100
AcDbLine
 10
287.8230719107041
 20
332.6953073112736
 30
0.0
 11
281.8230719107061
 21
332.6953073112736
 31
0.0
  0
LINE
  5
198
330
1F
100
AcDbEntity
  8
0
100
AcDbLine
 10
-3.00000000000022
 20
14.01988457299731
 30
0.0
 11
3.00000000000004
 21
14.01988457299731
 31
0.0
  0
LINE
  5
199
330
1F
100
AcDbEntity
  8
0
100
AcDbLine
 10
3.00000000000004
 20
-15.98011542700264
 30
0.0
 11
3.00000000000004
 21
14.01988457299731
 31
0.0
  0
LINE
  5
19A
330
1F
100
AcDbEntity
  8
0
100
AcDbLine
 10
3.00000000000004
 20
54.31223326163768
 30
0.0
 11
3.00000000000004
 21
84.31223326163772
 31
0.0
  0
LINE
  5
19B
330
1F
100
AcDbEntity
  8
0
100
AcDbLine
 10
-478.3887871120264
 20
-33.46321977418703
 30
0.0
 11
-497.4082878751205
 21
-36.87615057913928
 31
0.0
  0
LINE
  5
19C
330
1F
100
AcDbEntity
  8
0
100
AcDbLine
 10
275.5293841901831
 20
274.2712388288606
 30
0.0
 11
207.2543087137523
 21
205.9961633524304
 31
0.0
  0
LINE
  5
19D
330
1F
100
AcDbEntity
  8
0
100
AcDbLine
 10
-176.4159244243375
 20
-214.3904911174669
 30
0.0
 11
-450.8461776149343
 21
-214.3904911174675
 31
0.0
  0
LINE
  5
19E
330
1F
100
AcDbEntity
  8
0
100
AcDbLine
 10
462.5384749673687
 20
-103.7054894810433
 30
0.0
 11
410.288199767369
 21
-103.7054894810433
 31
0.0
  0
LINE
  5
19F
330
1F
100
AcDbEntity
  8
0
100
AcDbLine
 10
-450.8461776149338
 20
-355.9489481935436
 30
0.0
 11
-394.9256261113894
 21
-355.9489481935431
 31
0.0
  0
LINE
  5
1A0
330
1F
100
AcDbEntity
  8
0
100
AcDbLine
 10
387.8441382575791
 20
-288.169719655504
 30
0.0
 11
400.2743064835327
 21
-300.5997119504182
 31
0.0
  0
LINE
  5
1A1
330
1F
100
AcDbEntity
  8
0
100
AcDbLine
 10
294.1167596312272
 20
274.2712388288608
 30
0.0
 11
362.3918351076583
 21
205.9961633524308
 31
0.0
  0
LINE
  5
1A2
330
1F
100
AcDbEntity
  8
0
100
AcDbLine
 10
-10.0117474101067
 20
-294.1697196555053
 30
0.0
 11
-10.0117474101067
 21
-288.1697196555052
 31
0.0
  0
LINE
  5
1A3
330
1F
100
AcDbEntity
  8
0
100
AcDbLine
 10
-497.4082878751204
 20
-171.225080678835
 30
0.0
 11
-478.3887871120262
 21
-174.6380114837873
 31
0.0
  0
ENDSEC
  0
SECTION
  2
OBJECTS
  0
DICTIONARY
  5
C
330
0
100
AcDbDictionary
  3
ACAD_GROUP
350
D
  3
ACAD_LAYOUT
350
1A
  3
ACAD_MLEADERSTYLE
350
1C5
  3
ACAD_MLINESTYLE
350
17
  3
ACAD_PLOTSETTINGS
350
19
  3
ACAD_TABLESTYLE
350
1C4
  3
ACAD_VISUALSTYLE
350
2A
  3
ACDBHEADERROUNDTRIPXREC
350
1A4
  0
DICTIONARY
  5
D
102
{ACAD_REACTORS
330
C
102
}
330
C
100
AcDbDictionary
  0
DICTIONARY
  5
1A
102
{ACAD_REACTORS
330
C
102
}
330
C
100
AcDbDictionary
  0
DICTIONARY
  5
1C5
102
{ACAD_REACTORS
330
C
102
}
330
C
100
AcDbDictionary
  0
DICTIONARY
  5
17
102
{ACAD_REACTORS
330
C
102
}
330
C
100
AcDbDictionary
  3
STANDARD
350
18
  0
DICTIONARY
  5
19
102
{ACAD_REACTORS
330
C
102
}
330
C
100
AcDbDictionary
  0
DICTIONARY
  5
1C4
102
{ACAD_REACTORS
330
C
102
}
330
C
100
AcDbDictionary
  0
DICTIONARY
  5
2A
102
{ACAD_REACTORS
330
C
102
}
330
C
100
AcDbDictionary
  3
2DWIREFRAME
350
2F
  3
3D_HIDDEN
350
31
  3
3DWIREFRAME
350
30
  3
BASIC
350
32
  3
BRIGHTEN
350
36
  3
COLORCHANGE
350
3A
  3
CONCEPTUAL
350
34
  3
DIM
350
35
  3
FACEPATTERN
350
39
  3
FLAT
350
2B
  3
FLATWITHEDGES
350
2C
  3
GOURAUD
350
2D
  3
GOURAUDWITHEDGES
350
2E
  3
LINEPATTERN
350
38
  3
REALISTIC
350
33
  3
THICKEN
350
37
  0
DICTIONARY
  5
1A4
102
{ACAD_REACTORS
330
C
102
}
330
C
100
AcDbDictionary
  3
CEPSNTYPE
350
1AD
  3
DIMSTYLEDATA
350
1C3
  3
FINGERPRINTGUID
350
1AE
  3
HYPERLINKBASE
350
1A7
  3
INSUNITS
350
1AC
  3
LAYOUTDICT
350
1A9
  3
LWETCUNION
350
1AB
  3
PLOTSETDICT
350
1AA
  3
PSVPSCALE
350
1B0
  3
PUCSBASE
350
1B3
  3
PUCSORGBACK
350
1B9
  3
PUCSORGBOTTOM
350
1B5
  3
PUCSORGFRONT
350
1B8
  3
PUCSORGLEFT
350
1B6
  3
PUCSORGRIGHT
350
1B7
  3
PUCSORGTOP
350
1B4
  3
PUCSORTHOREF
350
1B1
  3
PUCSORTHOVIEW
350
1B2
  3
STYLESHEET
350
1A8
  3
TSTACKALIGN
350
1A5
  3
TSTACKSIZE
350
1A6
  3
UCSBASE
350
1BC
  3
UCSORGBACK
350
1C2
  3
UCSORGBOTTOM
350
1BE
  3
UCSORGFRONT
350
1C1
  3
UCSORGLEFT
350
1BF
  3
UCSORGRIGHT
350
1C0
  3
UCSORGTOP
350
1BD
  3
UCSORTHOREF
350
1BA
  3
UCSORTHOVIEW
350
1BB
  3
VERSIONGUID
350
1AF
  0
MLINESTYLE
  5
18
102
{ACAD_REACTORS
330
17
102
}
330
17
100
AcDbMlineStyle
  2
Standard
 70
     0
  3

 62
   256
 51
90.0
 52
90.0
 71
     2
 49
0.5
 62
   256
  6
BYLAYER
 49
-0.5
 62
   256
  6
BYLAYER
  0
VISUALSTYLE
  5
2F
102
{ACAD_REACTORS
330
2A
102
}
330
2A
100
AcDbVisualStyle
  2
2dWireframe
 70
     4
 71
     0
 72
     2
 73
     0
 90
        0
 40
-0.6
 41
-30.0
 62
     5
 63
     7
 74
     1
 91
        4
 64
     7
 65
   257
 75
     1
175
     1
 42
1.0
 92
        0
 66
   257
 43
1.0
 76
     1
 77
     6
 78
     2
 67
     7
 79
     5
170
     0
171
     0
290
     0
174
     0
 93
        1
 44
0.0
173
     0
291
     0
 45
0.0
1001
ACAD
1000
AcDbSavedByObjectVersion
1070
     0
  0
VISUALSTYLE
  5
31
102
{ACAD_REACTORS
330
2A
102
}
330
2A
100
AcDbVisualStyle
  2
3D Hidden
 70
     6
 71
     1
 72
     2
 73
     2
 90
        0
 40
-0.6
 41
-30.0
 62
     5
 63
     7
 74
     2
 91
        2
 64
     7
 65
   257
 75
     2
175
     1
 42
40.0
 92
        0
 66
   257
 43
1.0
 76
     1
 77
     6
 78
     2
 67
     7
 79
     3
170
     0
171
     0
290
     0
174
     0
 93
        1
 44
0.0
173
     0
291
     0
 45
0.0
1001
ACAD
1000
AcDbSavedByObjectVersion
1070
     0
  0
VISUALSTYLE
  5
30
102
{ACAD_REACTORS
330
2A
102
}
330
2A
100
AcDbVisualStyle
  2
3dWireframe
 70
     5
 71
     0
 72
     2
 73
     0
 90
        0
 40
-0.6
 41
-30.0
 62
     5
 63
     7
 74
     1
 91
        4
 64
     7
 65
   257
 75
     1
175
     1
 42
1.0
 92
        0
 66
   257
 43
1.0
 76
     1
 77
     6
 78
     2
 67
     7
 79
     5
170
     0
171
     0
290
     0
174
     0
 93
        1
 44
0.0
173
     0
291
     0
 45
0.0
1001
ACAD
1000
AcDbSavedByObjectVersion
1070
     0
  0
VISUALSTYLE
  5
32
102
{ACAD_REACTORS
330
2A
102
}
330
2A
100
AcDbVisualStyle
  2
Basic
 70
     7
 71
     1
 72
     0
 73
     1
 90
        0
 40
-0.6
 41
-30.0
 62
     5
 63
     7
 74
     0
 91
        4
 64
     7
 65
   257
 75
     1
175
     1
 42
1.0
 92
        8
 66
     7
 43
1.0
 76
     1
 77
     6
 78
     2
 67
     7
 79
     5
170
     0
171
     0
290
     0
174
     0
 93
        1
 44
0.0
173
     0
291
     1
 45
0.0
1001
ACAD
1000
AcDbSavedByObjectVersion
1070
     0
  0
VISUALSTYLE
  5
36
102
{ACAD_REACTORS
330
2A
102
}
330
2A
100
AcDbVisualStyle
  2
Brighten
 70
    12
 71
     2
 72
     2
 73
     0
 90
        0
 40
-0.6
 41
-30.0
 62
     5
 63
     7
 74
     1
 91
        4
 64
     7
 65
   257
 75
     1
175
     1
 42
1.0
 92
        8
 66
     7
 43
1.0
 76
     1
 77
     6
 78
     2
 67
     7
 79
     5
170
     0
171
     0
290
     0
174
     0
 93
        1
 44
50.0
173
     0
291
     1
 45
0.0
1001
ACAD
1000
AcDbSavedByObjectVersion
1070
     0
  0
VISUALSTYLE
  5
3A
102
{ACAD_REACTORS
330
2A
102
}
330
2A
100
AcDbVisualStyle
  2
ColorChange
 70
    16
 71
     2
 72
     2
 73
     3
 90
        0
 40
-0.6
 41
-30.0
 62
     5
 63
     8
 74
     1
 91
        4
 64
     7
 65
   257
 75
     1
175
     1
 42
1.0
 92
        8
 66
     8
 43
1.0
 76
     1
 77
     6
 78
     2
 67
     7
 79
     5
170
     0
171
     0
290
     0
174
     0
 93
        1
 44
0.0
173
     0
291
     1
 45
0.0
1001
ACAD
1000
AcDbSavedByObjectVersion
1070
     0
  0
VISUALSTYLE
  5
34
102
{ACAD_REACTORS
330
2A
102
}
330
2A
100
AcDbVisualStyle
  2
Conceptual
 70
     9
 71
     3
 72
     2
 73
     0
 90
        0
 40
-0.6
 41
-30.0
 62
     5
 63
     7
 74
     2
 91
        2
 64
     7
 65
   257
 75
     1
175
     1
 42
40.0
 92
        8
 66
     7
 43
1.0
 76
     1
 77
     6
 78
     2
 67
     7
 79
     3
170
     0
171
     0
290
     0
174
     0
 93
        1
 44
0.0
173
     0
291
     0
 45
0.0
1001
ACAD
1000
AcDbSavedByObjectVersion
1070
     0
  0
VISUALSTYLE
  5
35
102
{ACAD_REACTORS
330
2A
102
}
330
2A
100
AcDbVisualStyle
  2
Dim
 70
    11
 71
     2
 72
     2
 73
     0
 90
        0
 40
-0.6
 41
-30.0
 62
     5
 63
     7
 74
     1
 91
        4
 64
     7
 65
   257
 75
     1
175
     1
 42
1.0
 92
        8
 66
     7
 43
1.0
 76
     1
 77
     6
 78
     2
 67
     7
 79
     5
170
     0
171
     0
290
     0
174
     0
 93
        1
 44
-50.0
173
     0
291
     1
 45
0.0
1001
ACAD
1000
AcDbSavedByObjectVersion
1070
     0
  0
VISUALSTYLE
  5
39
102
{ACAD_REACTORS
330
2A
102
}
330
2A
100
AcDbVisualStyle
  2
Facepattern
 70
    15
 71
     2
 72
     2
 73
     0
 90
        0
 40
-0.6
 41
-30.0
 62
     5
 63
     7
 74
     1
 91
        4
 64
     7
 65
   257
 75
     1
175
     1
 42
1.0
 92
        8
 66
     7
 43
1.0
 76
     1
 77
     6
 78
     2
 67
     7
 79
     5
170
     0
171
     0
290
     0
174
     0
 93
        1
 44
0.0
173
     0
291
     1
 45
0.0
1001
ACAD
1000
AcDbSavedByObjectVersion
1070
     0
  0
VISUALSTYLE
  5
2B
102
{ACAD_REACTORS
330
2A
102
}
330
2A
100
AcDbVisualStyle
  2
Flat
 70
     0
 71
     2
 72
     1
 73
     1
 90
        2
 40
-0.6
 41
30.0
 62
     5
 63
     7
 74
     0
 91
        4
 64
     7
 65
   257
 75
     1
175
     1
 42
1.0
 92
        8
 66
     7
 43
1.0
 76
     1
 77
     6
 78
     2
 67
     7
 79
     5
170
     0
171
     0
290
     0
174
     0
 93
       13
 44
0.0
173
     0
291
     1
 45
0.0
1001
ACAD
1000
AcDbSavedByObjectVersion
1070
     0
  0
VISUALSTYLE
  5
2C
102
{ACAD_REACTORS
330
2A
102
}
330
2A
100
AcDbVisualStyle
  2
FlatWithEdges
 70
     1
 71
     2
 72
     1
 73
     1
 90
        2
 40
-0.6
 41
30.0
 62
     5
 63
     7
 74
     1
 91
        4
 64
     7
 65
   257
 75
     1
175
     1
 42
1.0
 92
        0
 66
   257
 43
1.0
 76
     1
 77
     6
 78
     2
 67
     7
 79
     5
170
     0
171
     0
290
     0
174
     0
 93
       13
 44
0.0
173
     0
291
     1
 45
0.0
1001
ACAD
1000
AcDbSavedByObjectVersion
1070
     0
  0
VISUALSTYLE
  5
2D
102
{ACAD_REACTORS
330
2A
102
}
330
2A
100
AcDbVisualStyle
  2
Gouraud
 70
     2
 71
     2
 72
     2
 73
     1
 90
        2
 40
-0.6
 41
30.0
 62
     5
 63
     7
 74
     0
 91
        4
 64
     7
 65
   257
 75
     1
175
     1
 42
1.0
 92
        0
 66
     7
 43
1.0
 76
     1
 77
     6
 78
     2
 67
     7
 79
     5
170
     0
171
     0
290
     0
174
     0
 93
       13
 44
0.0
173
     0
291
     1
 45
0.0
1001
ACAD
1000
AcDbSavedByObjectVersion
1070
     0
  0
VISUALSTYLE
  5
2E
102
{ACAD_REACTORS
330
2A
102
}
330
2A
100
AcDbVisualStyle
  2
GouraudWithEdges
 70
     3
 71
     2
 72
     2
 73
     1
 90
        2
 40
-0.6
 41
30.0
 62
     5
 63
     7
 74
     1
 91
        4
 64
     7
 65
   257
 75
     1
175
     1
 42
1.0
 92
        0
 66
   257
 43
1.0
 76
     1
 77
     6
 78
     2
 67
     7
 79
     5
170
     0
171
     0
290
     0
174
     0
 93
       13
 44
0.0
173
     0
291
     1
 45
0.0
1001
ACAD
1000
AcDbSavedByObjectVersion
1070
     0
  0
VISUALSTYLE
  5
38
102
{ACAD_REACTORS
330
2A
102
}
330
2A
100
AcDbVisualStyle
  2
Linepattern
 70
    14
 71
     2
 72
     2
 73
     0
 90
        0
 40
-0.6
 41
-30.0
 62
     5
 63
     7
 74
     1
 91
        4
 64
     7
 65
   257
 75
     7
175
     7
 42
1.0
 92
        8
 66
     7
 43
1.0
 76
     1
 77
     6
 78
     2
 67
     7
 79
     5
170
     0
171
     0
290
     0
174
     0
 93
        1
 44
0.0
173
     0
291
     1
 45
0.0
1001
ACAD
1000
AcDbSavedByObjectVersion
1070
     0
  0
VISUALSTYLE
  5
33
102
{ACAD_REACTORS
330
2A
102
}
330
2A
100
AcDbVisualStyle
  2
Realistic
 70
     8
 71
     2
 72
     2
 73
     0
 90
        0
 40
-0.6
 41
-30.0
 62
     5
 63
     7
 74
     1
 91
        0
 64
     7
 65
   257
 75
     1
175
     1
 42
1.0
 92
        8
 66
     8
 43
1.0
 76
     1
 77
     6
 78
     2
 67
     7
 79
     5
170
     0
171
     0
290
     0
174
     0
 93
       13
 44
0.0
173
     0
291
     0
 45
0.0
1001
ACAD
1000
AcDbSavedByObjectVersion
1070
     0
  0
VISUALSTYLE
  5
37
102
{ACAD_REACTORS
330
2A
102
}
330
2A
100
AcDbVisualStyle
  2
Thicken
 70
    13
 71
     2
 72
     2
 73
     0
 90
        0
 40
-0.6
 41
-30.0
 62
     5
 63
     7
 74
     1
 91
        4
 64
     7
 65
   257
 75
     1
175
     1
 42
1.0
 92
       12
 66
     7
 43
1.0
 76
     1
 77
     6
 78
     2
 67
     7
 79
     5
170
     0
171
     0
290
     0
174
     0
 93
        1
 44
0.0
173
     0
291
     1
 45
0.0
1001
ACAD
1000
AcDbSavedByObjectVersion
1070
     0
  0
XRECORD
  5
1AD
102
{ACAD_REACTORS
330
1A4
102
}
330
1A4
100
AcDbXrecord
 90
        0
  0
XRECORD
  5
1C3
102
{ACAD_REACTORS
330
1A4
102
}
330
1A4
100
AcDbXrecord
1000
DSTYLE
1002
{
1070
   340
340
11
1002
}
  0
XRECORD
  5
1AE
102
{ACAD_REACTORS
330
1A4
102
}
330
1A4
100
AcDbXrecord
  1
{92B1D6B1-07B1-480C-B4BF-FE3B5EB696F8}
  0
XRECORD
  5
1A7
102
{ACAD_REACTORS
330
1A4
102
}
330
1A4
100
AcDbXrecord
  1

  0
XRECORD
  5
1AC
102
{ACAD_REACTORS
330
1A4
102
}
330
1A4
100
AcDbXrecord
 90
        1
  0
XRECORD
  5
1A9
102
{ACAD_REACTORS
330
1A4
102
}
330
1A4
100
AcDbXrecord
340
1A
  0
XRECORD
  5
1AB
102
{ACAD_REACTORS
330
1A4
102
}
330
1A4
100
AcDbXrecord
 90
    10781
  0
XRECORD
  5
1AA
102
{ACAD_REACTORS
330
1A4
102
}
330
1A4
100
AcDbXrecord
340
19
  0
XRECORD
  5
1B0
102
{ACAD_REACTORS
330
1A4
102
}
330
1A4
100
AcDbXrecord
 40
0.0
  0
XRECORD
  5
1B3
102
{ACAD_REACTORS
330
1A4
102
}
330
1A4
100
AcDbXrecord
340
0
  0
XRECORD
  5
1B9
102
{ACAD_REACTORS
330
1A4
102
}
330
1A4
100
AcDbXrecord
 10
0.0
 20
0.0
 30
0.0
  0
XRECORD
  5
1B5
102
{ACAD_REACTORS
330
1A4
102
}
330
1A4
100
AcDbXrecord
 10
0.0
 20
0.0
 30
0.0
  0
XRECORD
  5
1B8
102
{ACAD_REACTORS
330
1A4
102
}
330
1A4
100
AcDbXrecord
 10
0.0
 20
0.0
 30
0.0
  0
XRECORD
  5
1B6
102
{ACAD_REACTORS
330
1A4
102
}
330
1A4
100
AcDbXrecord
 10
0.0
 20
0.0
 30
0.0
  0
XRECORD
  5
1B7
102
{ACAD_REACTORS
330
1A4
102
}
330
1A4
100
AcDbXrecord
 10
0.0
 20
0.0
 30
0.0
  0
XRECORD
  5
1B4
102
{ACAD_REACTORS
330
1A4
102
}
330
1A4
100
AcDbXrecord
 10
0.0
 20
0.0
 30
0.0
  0
XRECORD
  5
1B1
102
{ACAD_REACTORS
330
1A4
102
}
330
1A4
100
AcDbXrecord
340
0
  0
XRECORD
  5
1B2
102
{ACAD_REACTORS
330
1A4
102
}
330
1A4
100
AcDbXrecord
 70
     0
  0
XRECORD
  5
1A8
102
{ACAD_REACTORS
330
1A4
102
}
330
1A4
100
AcDbXrecord
  1

  0
XRECORD
  5
1A5
102
{ACAD_REACTORS
330
1A4
102
}
330
1A4
100
AcDbXrecord
 90
        1
  0
XRECORD
  5
1A6
102
{ACAD_REACTORS
330
1A4
102
}
330
1A4
100
AcDbXrecord
 90
       70
  0
XRECORD
  5
1BC
102
{ACAD_REACTORS
330
1A4
102
}
330
1A4
100
AcDbXrecord
340
0
  0
XRECORD
  5
1C2
102
{ACAD_REACTORS
330
1A4
102
}
330
1A4
100
AcDbXrecord
 10
0.0
 20
0.0
 30
0.0
  0
XRECORD
  5
1BE
102
{ACAD_REACTORS
330
1A4
102
}
330
1A4
100
AcDbXrecord
 10
0.0
 20
0.0
 30
0.0
  0
XRECORD
  5
1C1
102
{ACAD_REACTORS
330
1A4
102
}
330
1A4
100
AcDbXrecord
 10
0.0
 20
0.0
 30
0.0
  0
XRECORD
  5
1BF
102
{ACAD_REACTORS
330
1A4
102
}
330
1A4
100
AcDbXrecord
 10
0.0
 20
0.0
 30
0.0
  0
XRECORD
  5
1C0
102
{ACAD_REACTORS
330
1A4
102
}
330
1A4
100
AcDbXrecord
 10
0.0
 20
0.0
 30
0.0
  0
XRECORD
  5
1BD
102
{ACAD_REACTORS
330
1A4
102
}
330
1A4
100
AcDbXrecord
 10
0.0
 20
0.0
 30
0.0
  0
XRECORD
  5
1BA
102
{ACAD_REACTORS
330
1A4
102
}
330
1A4
100
AcDbXrecord
340
0
  0
XRECORD
  5
1BB
102
{ACAD_REACTORS
330
1A4
102
}
330
1A4
100
AcDbXrecord
 70
     0
  0
XRECORD
  5
1AF
102
{ACAD_REACTORS
330
1A4
102
}
330
1A4
100
AcDbXrecord
  1
{FAEB1C32-E019-11D5-929B-00C0DF256EC4}
  0
ENDSEC
  0
EOF
