  0
SECTION
  2
HEADER
  9
$ACADVER
  1
AC1014
  9
$ACADMAINTVER
 70
     9
  9
$DWGCODEPAGE
  3
ANSI_1252
  9
$INSBASE
 10
0.0
 20
0.0
 30
0.0
  9
$EXTMIN
 10
1.000000000000000E+20
 20
1.000000000000000E+20
 30
1.000000000000000E+20
  9
$EXTMAX
 10
-1.000000000000000E+20
 20
-1.000000000000000E+20
 30
-1.000000000000000E+20
  9
$LIMMIN
 10
0.0
 20
0.0
  9
$LIMMAX
 10
12.0
 20
9.0
  9
$ORTHOMODE
 70
     0
  9
$REGENMODE
 70
     1
  9
$FILLMODE
 70
     1
  9
$QTEXTMODE
 70
     0
  9
$MIRRTEXT
 70
     1
  9
$DRAGMODE
 70
     2
  9
$LTSCALE
 40
1.0
  9
$OSMODE
 70
    37
  9
$ATTMODE
 70
     1
  9
$TEXTSIZE
 40
0.2
  9
$TRACEWID
 40
0.05
  9
$TEXTSTYLE
  7
STANDARD
  9
$CLAYER
  8
0
  9
$CELTYPE
  6
BYLAYER
  9
$CECOLOR
 62
   256
  9
$CELTSCALE
 40
1.0
  9
$DELOBJ
 70
     1
  9
$DISPSILH
 70
     0
  9
$DIMSCALE
 40
1.0
  9
$DIMASZ
 40
0.18
  9
$DIMEXO
 40
0.0625
  9
$DIMDLI
 40
0.38
  9
$DIMRND
 40
0.0
  9
$DIMDLE
 40
0.0
  9
$DIMEXE
 40
0.18
  9
$DIMTP
 40
0.0
  9
$DIMTM
 40
0.0
  9
$DIMTXT
 40
0.18
  9
$DIMCEN
 40
0.09
  9
$DIMTSZ
 40
0.0
  9
$DIMTOL
 70
     0
  9
$DIMLIM
 70
     0
  9
$DIMTIH
 70
     1
  9
$DIMTOH
 70
     1
  9
$DIMSE1
 70
     0
  9
$DIMSE2
 70
     0
  9
$DIMTAD
 70
     0
  9
$DIMZIN
 70
     0
  9
$DIMBLK
  1

  9
$DIMASO
 70
     1
  9
$DIMSHO
 70
     1
  9
$DIMPOST
  1

  9
$DIMAPOST
  1

  9
$DIMALT
 70
     0
  9
$DIMALTD
 70
     2
  9
$DIMALTF
 40
25.4
  9
$DIMLFAC
 40
1.0
  9
$DIMTOFL
 70
     0
  9
$DIMTVP
 40
0.0
  9
$DIMTIX
 70
     0
  9
$DIMSOXD
 70
     0
  9
$DIMSAH
 70
     0
  9
$DIMBLK1
  1

  9
$DIMBLK2
  1

  9
$DIMSTYLE
  2
STANDARD
  9
$DIMCLRD
 70
     0
  9
$DIMCLRE
 70
     0
  9
$DIMCLRT
 70
     0
  9
$DIMTFAC
 40
1.0
  9
$DIMGAP
 40
0.09
  9
$DIMJUST
 70
     0
  9
$DIMSD1
 70
     0
  9
$DIMSD2
 70
     0
  9
$DIMTOLJ
 70
     1
  9
$DIMTZIN
 70
     0
  9
$DIMALTZ
 70
     0
  9
$DIMALTTZ
 70
     0
  9
$DIMFIT
 70
     3
  9
$DIMUPT
 70
     0
  9
$DIMUNIT
 70
     2
  9
$DIMDEC
 70
     4
  9
$DIMTDEC
 70
     4
  9
$DIMALTU
 70
     2
  9
$DIMALTTD
 70
     2
  9
$DIMTXSTY
  7
STANDARD
  9
$DIMAUNIT
 70
     0
  9
$LUNITS
 70
     2
  9
$LUPREC
 70
     4
  9
$SKETCHINC
 40
0.1
  9
$FILLETRAD
 40
0.5
  9
$AUNITS
 70
     0
  9
$AUPREC
 70
     0
  9
$MENU
  1
.
  9
$ELEVATION
 40
0.0
  9
$PELEVATION
 40
0.0
  9
$THICKNESS
 40
0.0
  9
$LIMCHECK
 70
     0
  9
$CHAMFERA
 40
0.5
  9
$CHAMFERB
 40
0.5
  9
$CHAMFERC
 40
1.0
  9
$CHAMFERD
 40
0.0
  9
$SKPOLY
 70
     0
  9
$TDCREATE
 40
2454607.958896481
  9
$TDUPDATE
 40
2454607.958896493
  9
$TDINDWG
 40
0.0000000116
  9
$TDUSRTIMER
 40
0.0000000116
  9
$USRTIMER
 70
     1
  9
$ANGBASE
 50
0.0
  9
$ANGDIR
 70
     0
  9
$PDMODE
 70
     0
  9
$PDSIZE
 40
0.0
  9
$PLINEWID
 40
0.0
  9
$COORDS
 70
     1
  9
$SPLFRAME
 70
     0
  9
$SPLINETYPE
 70
     6
  9
$SPLINESEGS
 70
     8
  9
$ATTDIA
 70
     0
  9
$ATTREQ
 70
     1
  9
$HANDLING
 70
     1
  9
$HANDSEED
  5
148
  9
$SURFTAB1
 70
     6
  9
$SURFTAB2
 70
     6
  9
$SURFTYPE
 70
     6
  9
$SURFU
 70
     6
  9
$SURFV
 70
     6
  9
$UCSNAME
  2

  9
$UCSORG
 10
0.0
 20
0.0
 30
0.0
  9
$UCSXDIR
 10
1.0
 20
0.0
 30
0.0
  9
$UCSYDIR
 10
0.0
 20
1.0
 30
0.0
  9
$PUCSNAME
  2

  9
$PUCSORG
 10
0.0
 20
0.0
 30
0.0
  9
$PUCSXDIR
 10
1.0
 20
0.0
 30
0.0
  9
$PUCSYDIR
 10
0.0
 20
1.0
 30
0.0
  9
$USERI1
 70
     0
  9
$USERI2
 70
     0
  9
$USERI3
 70
     0
  9
$USERI4
 70
     0
  9
$USERI5
 70
     0
  9
$USERR1
 40
0.0
  9
$USERR2
 40
0.0
  9
$USERR3
 40
0.0
  9
$USERR4
 40
0.0
  9
$USERR5
 40
0.0
  9
$WORLDVIEW
 70
     1
  9
$SHADEDGE
 70
     3
  9
$SHADEDIF
 70
    70
  9
$TILEMODE
 70
     1
  9
$MAXACTVP
 70
    64
  9
$PINSBASE
 10
0.0
 20
0.0
 30
0.0
  9
$PLIMCHECK
 70
     0
  9
$PEXTMIN
 10
1.000000000000000E+20
 20
1.000000000000000E+20
 30
1.000000000000000E+20
  9
$PEXTMAX
 10
-1.000000000000000E+20
 20
-1.000000000000000E+20
 30
-1.000000000000000E+20
  9
$PLIMMIN
 10
0.0
 20
0.0
  9
$PLIMMAX
 10
12.0
 20
9.0
  9
$UNITMODE
 70
     0
  9
$VISRETAIN
 70
     1
  9
$PLINEGEN
 70
     0
  9
$PSLTSCALE
 70
     1
  9
$TREEDEPTH
 70
  3020
  9
$PICKSTYLE
 70
     1
  9
$CMLSTYLE
  2
STANDARD
  9
$CMLJUST
 70
     0
  9
$CMLSCALE
 40
1.0
  9
$PROXYGRAPHICS
 70
     1
  9
$MEASUREMENT
 70
     0
  0
ENDSEC
  0
SECTION
  2
CLASSES
  0
CLASS
  1
ACDBDICTIONARYWDFLT
  2
AcDbDictionaryWithDefault
  3
ObjectDBX Classes
 90
        0
280
     0
281
     0
  0
CLASS
  1
VISUALSTYLE
  2
AcDbVisualStyle
  3
ObjectDBX Classes
 90
     4095
280
     0
281
     0
  0
CLASS
  1
SCALE
  2
AcDbScale
  3
ObjectDBX Classes
 90
     1153
280
     0
281
     0
  0
CLASS
  1
DICTIONARYVAR
  2
AcDbDictionaryVar
  3
ObjectDBX Classes
 90
        0
280
     0
281
     0
  0
CLASS
  1
XRECORD
  2
AcDbXrecord
  3
AutoCAD 2000
 90
        0
280
     0
281
     0
  0
CLASS
  1
LWPOLYLINE
  2
AcDbPolyline
  3
AutoCAD 2000
 90
        0
280
     0
281
     1
  0
CLASS
  1
HATCH
  2
AcDbHatch
  3
AutoCAD 2000
 90
        0
280
     0
281
     1
  0
CLASS
  1
ACDBPLACEHOLDER
  2
AcDbPlaceHolder
  3
ObjectDBX Classes
 90
        0
280
     0
281
     0
  0
CLASS
  1
LAYOUT
  2
AcDbLayout
  3
ObjectDBX Classes
 90
        0
280
     0
281
     0
  0
ENDSEC
  0
SECTION
  2
TABLES
  0
TABLE
  2
VPORT
  5
8
330
0
100
AcDbSymbolTable
 70
     1
  0
VPORT
  5
29
330
8
100
AcDbSymbolTableRecord
100
AcDbViewportTableRecord
  2
*ACTIVE
 70
     0
 10
0.0
 20
0.0
 11
1.0
 21
1.0
 12
0.0
 22
0.0
 13
0.0
 23
0.0
 14
0.5
 24
0.5
 15
0.5
 25
0.5
 16
0.0
 26
0.0
 36
1.0
 17
0.0
 27
0.0
 37
-1000.0
 40
1042.040846850955
 41
1.389492753623188
 42
50.0
 43
1475.789100175192
 44
1831.683190288669
 50
0.0
 51
0.0
 71
     0
 72
   100
 73
     1
 74
     3
 75
     0
 76
     0
 77
     0
 78
     0
  0
ENDTAB
  0
TABLE
  2
LTYPE
  5
5
330
0
100
AcDbSymbolTable
 70
     1
  0
LTYPE
  5
14
330
5
100
AcDbSymbolTableRecord
100
AcDbLinetypeTableRecord
  2
BYBLOCK
 70
     0
  3

 72
    65
 73
     0
 40
0.0
  0
LTYPE
  5
15
330
5
100
AcDbSymbolTableRecord
100
AcDbLinetypeTableRecord
  2
BYLAYER
 70
     0
  3

 72
    65
 73
     0
 40
0.0
  0
LTYPE
  5
16
330
5
100
AcDbSymbolTableRecord
100
AcDbLinetypeTableRecord
  2
CONTINUOUS
 70
     0
  3
Solid line
 72
    65
 73
     0
 40
0.0
  0
ENDTAB
  0
TABLE
  2
LAYER
  5
2
330
0
100
AcDbSymbolTable
 70
     3
  0
LAYER
  5
10
330
2
100
AcDbSymbolTableRecord
100
AcDbLayerTableRecord
  2
0
 70
     0
 62
     7
  6
CONTINUOUS
  0
LAYER
  5
5D
330
2
100
AcDbSymbolTableRecord
100
AcDbLayerTableRecord
  2
PROFILEEDGES
 70
     0
 62
     7
  6
CONTINUOUS
  0
LAYER
  5
5E
330
2
100
AcDbSymbolTableRecord
100
AcDbLayerTableRecord
  2
SECTIONCUTEDGES
 70
     0
 62
     7
  6
CONTINUOUS
  0
ENDTAB
  0
TABLE
  2
STYLE
  5
3
330
0
100
AcDbSymbolTable
 70
     1
  0
STYLE
  5
11
330
3
100
AcDbSymbolTableRecord
100
AcDbTextStyleTableRecord
  2
STANDARD
 70
     0
 40
0.0
 41
1.0
 50
0.0
 71
     0
 42
0.2
  3
txt
  4

  0
ENDTAB
  0
TABLE
  2
VIEW
  5
6
330
0
100
AcDbSymbolTable
 70
     0
  0
ENDTAB
  0
TABLE
  2
UCS
  5
7
330
0
100
AcDbSymbolTable
 70
     0
  0
ENDTAB
  0
TABLE
  2
APPID
  5
9
330
0
100
AcDbSymbolTable
 70
     1
  0
APPID
  5
12
330
9
100
AcDbSymbolTableRecord
100
AcDbRegAppTableRecord
  2
ACAD
 70
     0
  0
ENDTAB
  0
TABLE
  2
DIMSTYLE
  5
A
330
0
100
AcDbSymbolTable
 70
     1
  0
DIMSTYLE
105
27
330
A
100
AcDbSymbolTableRecord
100
AcDbDimStyleTableRecord
  2
STANDARD
 70
     0
  3

  4

  5

  6

  7

 40
1.0
 41
0.18
 42
0.0625
 43
0.38
 44
0.18
 45
0.0
 46
0.0
 47
0.0
 48
0.0
140
0.18
141
0.09
142
0.0
143
25.4
144
1.0
145
0.0
146
1.0
147
0.09
 71
     0
 72
     0
 73
     1
 74
     1
 75
     0
 76
     0
 77
     0
 78
     0
170
     0
171
     2
172
     0
173
     0
174
     0
175
     0
176
     0
177
     0
178
     0
270
     2
271
     4
272
     4
273
     2
274
     2
340
11
275
     0
280
     0
281
     0
282
     0
283
     1
284
     0
285
     0
286
     0
287
     3
288
     0
  0
ENDTAB
  0
TABLE
  2
BLOCK_RECORD
  5
1
330
0
100
AcDbSymbolTable
 70
     1
  0
BLOCK_RECORD
  5
1F
330
1
100
AcDbSymbolTableRecord
100
AcDbBlockTableRecord
  2
*MODEL_SPACE
  0
BLOCK_RECORD
  5
1B
330
1
100
AcDbSymbolTableRecord
100
AcDbBlockTableRecord
  2
*PAPER_SPACE
  0
ENDTAB
  0
ENDSEC
  0
SECTION
  2
BLOCKS
  0
BLOCK
  5
20
330
1F
100
AcDbEntity
  8
0
100
AcDbBlockBegin
  2
*MODEL_SPACE
 70
     0
 10
0.0
 20
0.0
 30
0.0
  3
*MODEL_SPACE
  1

  0
ENDBLK
  5
21
330
1F
100
AcDbEntity
  8
0
100
AcDbBlockEnd
  0
BLOCK
  5
1C
330
1B
100
AcDbEntity
 67
     1
  8
0
100
AcDbBlockBegin
  2
*PAPER_SPACE
 70
     0
 10
0.0
 20
0.0
 30
0.0
  3
*PAPER_SPACE
  1

  0
ENDBLK
  5
1D
330
1B
100
AcDbEntity
 67
     1
  8
0
100
AcDbBlockEnd
  0
ENDSEC
  0
SECTION
  2
ENTITIES
  0
LINE
  5
5F
330
1F
100
AcDbEntity
  8
0
100
AcDbLine
 10
-315.1654601221373
 20
-458.4712625871561
 30
0.0
 11
-318.3562803833241
 21
-456.3580536610274
 31
0.0
  0
LINE
  5
60
330
1F
100
AcDbEntity
  8
0
100
AcDbLine
 10
-319.9167448451489
 20
-453.9543449862532
 30
0.0
 11
-318.3562803833241
 21
-456.3580536610274
 31
0.0
  0
LINE
  5
61
330
1F
100
AcDbEntity
  8
0
100
AcDbLine
 10
-319.9167448451489
 20
-453.9543449862532
 30
0.0
 11
-324.2177839879039
 21
-428.2471291548854
 31
0.0
  0
LINE
  5
62
330
1F
100
AcDbEntity
  8
0
100
AcDbLine
 10
-262.922493259061
 20
-291.0081416511048
 30
0.0
 11
-236.7059692028122
 21
-293.6754233887053
 31
0.0
  0
LINE
  5
63
330
1F
100
AcDbEntity
  8
0
100
AcDbLine
 10
288.5538959333637
 20
-388.338164723223
 30
0.0
 11
290.9802220366149
 21
-413.0837525793584
 31
0.0
  0
LINE
  5
64
330
1F
100
AcDbEntity
  8
0
100
AcDbLine
 10
-310.9323614643109
 20
-459.5773248635997
 30
0.0
 11
-315.1654601221373
 21
-458.4712625871561
 31
0.0
  0
LINE
  5
65
330
1F
100
AcDbEntity
  8
0
100
AcDbLine
 10
-324.2177839879039
 20
-428.2471291548854
 30
0.0
 11
-326.4660995980523
 21
-424.3920293323925
 31
0.0
  0
LINE
  5
66
330
1F
100
AcDbEntity
  8
0
100
AcDbLine
 10
-479.3760063242841
 20
-356.6794275895271
 30
0.0
 11
-462.2816570504115
 21
-356.2376732660766
 31
0.0
  0
LINE
  5
67
330
1F
100
AcDbEntity
  8
0
100
AcDbLine
 10
-294.5750100826211
 20
-290.3455395056847
 30
0.0
 11
-262.922493259061
 21
-291.0081416511048
 31
0.0
  0
LINE
  5
68
330
1F
100
AcDbEntity
  8
0
100
AcDbLine
 10
-236.7059692028122
 20
-293.6754233887053
 30
0.0
 11
-218.0743206263817
 21
-296.9371867630728
 31
0.0
  0
LINE
  5
69
330
1F
100
AcDbEntity
  8
0
100
AcDbLine
 10
-304.9912466481182
 20
-290.127489840504
 30
0.0
 11
-346.4147692526465
 21
-291.3109589837093
 31
0.0
  0
LINE
  5
6A
330
1F
100
AcDbEntity
  8
0
100
AcDbLine
 10
-346.4147692526465
 20
-291.3109589837093
 30
0.0
 11
-360.1623180616097
 21
-292.6589179299598
 31
0.0
  0
LINE
  5
6B
330
1F
100
AcDbEntity
  8
0
100
AcDbLine
 10
-405.637612003224
 20
-304.056743278652
 30
0.0
 11
-425.510694327823
 21
-314.2045776301449
 31
0.0
  0
LINE
  5
6C
330
1F
100
AcDbEntity
  8
0
100
AcDbLine
 10
-387.8803424380373
 20
-298.1899939801298
 30
0.0
 11
-405.637612003224
 21
-304.056743278652
 31
0.0
  0
LINE
  5
6D
330
1F
100
AcDbEntity
  8
0
100
AcDbLine
 10
-360.1623180616097
 20
-292.6589179299598
 30
0.0
 11
-387.8803424380373
 21
-298.1899939801298
 31
0.0
  0
LINE
  5
6E
330
1F
100
AcDbEntity
  8
0
100
AcDbLine
 10
-446.3447837416817
 20
-327.3821723774016
 30
0.0
 11
-471.8330515243209
 21
-345.8101497045231
 31
0.0
  0
LINE
  5
6F
330
1F
100
AcDbEntity
  8
0
100
AcDbLine
 10
-425.510694327823
 20
-314.2045776301449
 30
0.0
 11
-446.3447837416817
 21
-327.3821723774016
 31
0.0
  0
LINE
  5
70
330
1F
100
AcDbEntity
  8
0
100
AcDbLine
 10
-471.8330515243209
 20
-345.8101497045231
 30
0.0
 11
-484.6635250969625
 21
-357.1978733380852
 31
0.0
  0
LINE
  5
71
330
1F
100
AcDbEntity
  8
0
100
AcDbLine
 10
-589.345983915916
 20
-417.6087894297108
 30
0.0
 11
-455.3580593053433
 21
-398.5138610951622
 31
0.0
  0
LINE
  5
72
330
1F
100
AcDbEntity
  8
0
100
AcDbLine
 10
215.4730280035735
 20
-332.7382978928396
 30
0.0
 11
216.0585254021284
 21
-338.7096622927307
 31
0.0
  0
LINE
  5
73
330
1F
100
AcDbEntity
  8
0
100
AcDbLine
 10
227.8090999105063
 20
-360.7760167429582
 30
0.0
 11
378.0065171124241
 21
-346.0498170307227
 31
0.0
  0
LINE
  5
74
330
1F
100
AcDbEntity
  8
0
100
AcDbLine
 10
216.0585254021284
 20
-338.7096622927307
 30
0.0
 11
33.93191120545225
 21
-356.5673329486552
 31
0.0
  0
LINE
  5
75
330
1F
100
AcDbEntity
  8
0
100
AcDbLine
 10
33.93191120545225
 20
-356.5673329486552
 30
0.0
 11
33.34641380689757
 21
-350.5959685487641
 31
0.0
  0
LINE
  5
76
330
1F
100
AcDbEntity
  8
0
100
AcDbLine
 10
33.34641380689757
 20
-350.5959685487641
 30
0.0
 11
215.4730280035735
 21
-332.7382978928396
 31
0.0
  0
LINE
  5
77
330
1F
100
AcDbEntity
  8
0
100
AcDbLine
 10
33.93191120545225
 20
-356.5673329486552
 30
0.0
 11
26.69116860357486
 21
-380.4958023224652
 31
0.0
  0
LINE
  5
78
330
1F
100
AcDbEntity
  8
0
100
AcDbLine
 10
-123.5062485983426
 20
-395.2220020347009
 30
0.0
 11
26.69116860357486
 21
-380.4958023224652
 31
0.0
  0
LINE
  5
79
330
1F
100
AcDbEntity
  8
0
100
AcDbLine
 10
-135.2568231067196
 20
-373.1556475844733
 30
0.0
 11
-123.5062485983426
 21
-395.2220020347009
 31
0.0
  0
LINE
  5
7A
330
1F
100
AcDbEntity
  8
0
100
AcDbLine
 10
-135.8423205052751
 20
-367.1842831845821
 30
0.0
 11
-135.2568231067196
 21
-373.1556475844733
 31
0.0
  0
LINE
  5
7B
330
1F
100
AcDbEntity
  8
0
100
AcDbLine
 10
-317.3834373033947
 20
-391.0133182403979
 30
0.0
 11
-317.9689347019499
 21
-385.0419538405067
 31
0.0
  0
LINE
  5
7C
330
1F
100
AcDbEntity
  8
0
100
AcDbLine
 10
-313.4966705403654
 20
-324.2144100379645
 30
0.0
 11
-294.5750100826211
 21
-290.3455395056847
 31
0.0
  0
LINE
  5
7D
330
1F
100
AcDbEntity
  8
0
100
AcDbLine
 10
-218.0743206263817
 20
-296.9371867630728
 30
0.0
 11
-313.4966705403654
 21
-324.2144100379645
 31
0.0
  0
LINE
  5
7E
330
1F
100
AcDbEntity
  8
0
100
AcDbLine
 10
-325.6994333142907
 20
-325.1522570253948
 30
0.0
 11
-304.9912466481182
 21
-290.127489840504
 31
0.0
  0
LINE
  5
7F
330
1F
100
AcDbEntity
  8
0
100
AcDbLine
 10
-330.891577169943
 20
-329.5005878906273
 30
0.0
 11
-325.6994333142907
 21
-325.1522570253948
 31
0.0
  0
LINE
  5
80
330
1F
100
AcDbEntity
  8
0
100
AcDbLine
 10
-339.2290351242145
 20
-333.3787711385629
 30
0.0
 11
-330.891577169943
 21
-329.5005878906273
 31
0.0
  0
LINE
  5
81
330
1F
100
AcDbEntity
  8
0
100
AcDbLine
 10
-371.3396482736433
 20
-341.185953201545
 30
0.0
 11
-339.2290351242145
 21
-333.3787711385629
 31
0.0
  0
LINE
  5
82
330
1F
100
AcDbEntity
  8
0
100
AcDbLine
 10
-436.0269134469493
 20
-353.6633731480278
 30
0.0
 11
-371.3396482736433
 21
-341.185953201545
 31
0.0
  0
LINE
  5
83
330
1F
100
AcDbEntity
  8
0
100
AcDbLine
 10
-462.2816570504115
 20
-356.2376732660766
 30
0.0
 11
-436.0269134469493
 21
-353.6633731480278
 31
0.0
  0
LINE
  5
84
330
1F
100
AcDbEntity
  8
0
100
AcDbLine
 10
-484.6635250969625
 20
-357.1978733380852
 30
0.0
 11
-479.3760063242841
 21
-356.6794275895271
 31
0.0
  0
LINE
  5
85
330
1F
100
AcDbEntity
  8
0
100
AcDbLine
 10
290.9802220366149
 20
-413.0837525793584
 30
0.0
 11
200.5295337332381
 21
-442.1108428404849
 31
0.0
  0
LINE
  5
86
330
1F
100
AcDbEntity
  8
0
100
AcDbLine
 10
200.5295337332381
 20
-442.1108428404849
 30
0.0
 11
170.0291282519779
 21
-404.4616838170062
 31
0.0
  0
LINE
  5
87
330
1F
100
AcDbEntity
  8
0
100
AcDbLine
 10
170.0291282519779
 20
-404.4616838170062
 30
0.0
 11
-310.9323614643109
 21
-459.5773248635997
 31
0.0
  0
LINE
  5
88
330
1F
100
AcDbEntity
  8
0
100
AcDbLine
 10
-304.9912466481182
 20
-290.127489840504
 30
0.0
 11
-294.5750100826211
 21
-290.3455395056847
 31
0.0
  0
LINE
  5
89
330
1F
100
AcDbEntity
  8
0
100
AcDbLine
 10
-218.0743206263817
 20
-296.9371867630728
 30
0.0
 11
-209.7022169832786
 21
-298.4028552957022
 31
0.0
  0
LINE
  5
8A
330
1F
100
AcDbEntity
  8
0
100
AcDbLine
 10
-209.7022169832786
 20
-298.4028552957022
 30
0.0
 11
-154.9542173978276
 21
-303.5070503339612
 31
0.0
  0
LINE
  5
8B
330
1F
100
AcDbEntity
  8
0
100
AcDbLine
 10
-154.9542173978276
 20
-303.5070503339612
 30
0.0
 11
-68.26705370426825
 21
-301.4183498149138
 31
0.0
  0
LINE
  5
8C
330
1F
100
AcDbEntity
  8
0
100
AcDbLine
 10
-68.26705370426825
 20
-301.4183498149138
 30
0.0
 11
58.63339684001448
 21
-288.9756518495244
 31
0.0
  0
LINE
  5
8D
330
1F
100
AcDbEntity
  8
0
100
AcDbLine
 10
58.63339684001448
 20
-288.9756518495244
 30
0.0
 11
236.4454286287016
 21
-225.1332483732589
 31
0.0
  0
LINE
  5
8E
330
1F
100
AcDbEntity
  8
0
100
AcDbLine
 10
403.107389854388
 20
-40.32893549998734
 30
0.0
 11
494.2642134953651
 21
-31.39093079484978
 31
0.0
  0
LINE
  5
8F
330
1F
100
AcDbEntity
  8
0
100
AcDbLine
 10
494.2642134953651
 20
-31.39093079484978
 30
0.0
 11
498.3730867384068
 21
-35.3973706066848
 31
0.0
  0
LINE
  5
90
330
1F
100
AcDbEntity
  8
0
100
AcDbLine
 10
498.3730867384068
 20
-35.3973706066848
 30
0.0
 11
498.6841541875402
 21
-38.56988187029185
 31
0.0
  0
LINE
  5
91
330
1F
100
AcDbEntity
  8
0
100
AcDbLine
 10
498.6841541875402
 20
-38.56988187029185
 30
0.0
 11
491.0563424911531
 21
-48.25200766896544
 31
0.0
  0
LINE
  5
92
330
1F
100
AcDbEntity
  8
0
100
AcDbLine
 10
491.0563424911531
 20
-48.25200766896544
 30
0.0
 11
434.1935341920907
 21
-212.3013191004796
 31
0.0
  0
LINE
  5
93
330
1F
100
AcDbEntity
  8
0
100
AcDbLine
 10
434.1935341920907
 20
-212.3013191004796
 30
0.0
 11
438.3618380104962
 21
-254.8129700328146
 31
0.0
  0
LINE
  5
94
330
1F
100
AcDbEntity
  8
0
100
AcDbLine
 10
438.3618380104962
 20
-254.8129700328146
 30
0.0
 11
431.6170038553736
 21
-264.8748079154245
 31
0.0
  0
LINE
  5
95
330
1F
100
AcDbEntity
  8
0
100
AcDbLine
 10
431.6170038553736
 20
-264.8748079154245
 30
0.0
 11
486.1147287196
 21
-272.5918052162817
 31
0.0
  0
LINE
  5
96
330
1F
100
AcDbEntity
  8
0
100
AcDbLine
 10
486.1147287196
 20
-272.5918052162817
 30
0.0
 11
489.3788979533709
 21
-305.8823783355957
 31
0.0
  0
LINE
  5
97
330
1F
100
AcDbEntity
  8
0
100
AcDbLine
 10
440.657805306255
 20
-357.0800338711938
 30
0.0
 11
492.3775533621792
 21
-336.4650319902374
 31
0.0
  0
LINE
  5
98
330
1F
100
AcDbEntity
  8
0
100
AcDbLine
 10
440.657805306255
 20
-357.0800338711938
 30
0.0
 11
386.5968335566906
 21
-370.4049946380319
 31
0.0
  0
LINE
  5
99
330
1F
100
AcDbEntity
  8
0
100
AcDbLine
 10
386.5968335566906
 20
-370.4049946380319
 30
0.0
 11
288.5538959333637
 21
-388.338164723223
 31
0.0
  0
LINE
  5
9A
330
1F
100
AcDbEntity
  8
0
100
AcDbLine
 10
236.4454286287016
 20
-225.1332483732589
 30
0.0
 11
403.107389854388
 21
-40.32893549998734
 31
0.0
  0
LINE
  5
9B
330
1F
100
AcDbEntity
  8
0
100
AcDbLine
 10
-678.7490388917549
 20
-437.6090201694444
 30
0.0
 11
-687.7563976974169
 21
-434.6659439705535
 31
0.0
  0
LINE
  5
9C
330
1F
100
AcDbEntity
  8
0
100
AcDbLine
 10
-615.643540150503
 20
-438.8115329925889
 30
0.0
 11
-678.7490388917549
 21
-437.6090201694444
 31
0.0
  0
LINE
  5
9D
330
1F
100
AcDbEntity
  8
0
100
AcDbLine
 10
-687.7563976974169
 20
-434.6659439705535
 30
0.0
 11
-684.120489592991
 21
-429.95556495899
 31
0.0
  0
LINE
  5
9E
330
1F
100
AcDbEntity
  8
0
100
AcDbLine
 10
-684.120489592991
 20
-429.95556495899
 30
0.0
 11
-675.1074190123976
 21
-424.3278547877259
 31
0.0
  0
LINE
  5
9F
330
1F
100
AcDbEntity
  8
0
100
AcDbLine
 10
-675.1074190123976
 20
-424.3278547877259
 30
0.0
 11
-645.169078811545
 21
-409.6000126107829
 31
0.0
  0
LINE
  5
A0
330
1F
100
AcDbEntity
  8
0
100
AcDbLine
 10
-645.169078811545
 20
-409.6000126107829
 30
0.0
 11
-599.1585914371575
 21
-392.2473629943348
 31
0.0
  0
LINE
  5
A1
330
1F
100
AcDbEntity
  8
0
100
AcDbLine
 10
-584.7206901983681
 20
-386.8021730889337
 30
0.0
 11
-484.6635250969625
 21
-357.1978733380852
 31
0.0
  0
LINE
  5
A2
330
1F
100
AcDbEntity
  8
0
100
AcDbLine
 10
-326.4660995980523
 20
-424.3920293323925
 30
0.0
 11
-331.6825872523524
 21
-420.7267027091513
 31
0.0
  0
LINE
  5
A3
330
1F
100
AcDbEntity
  8
0
100
AcDbLine
 10
-331.6825872523524
 20
-420.7267027091513
 30
0.0
 11
-339.9273036442945
 21
-416.7858467542273
 31
0.0
  0
LINE
  5
A4
330
1F
100
AcDbEntity
  8
0
100
AcDbLine
 10
-339.9273036442945
 20
-416.7858467542273
 30
0.0
 11
-351.9637436695099
 21
-414.1304404244364
 31
0.0
  0
LINE
  5
A5
330
1F
100
AcDbEntity
  8
0
100
AcDbLine
 10
-351.9637436695099
 20
-414.1304404244364
 30
0.0
 11
-421.8485812871691
 21
-423.8317121943542
 31
0.0
  0
LINE
  5
A6
330
1F
100
AcDbEntity
  8
0
100
AcDbLine
 10
-421.8485812871691
 20
-423.8317121943542
 30
0.0
 11
-548.5375310805437
 21
-436.253672329801
 31
0.0
  0
LINE
  5
A7
330
1F
100
AcDbEntity
  8
0
100
AcDbLine
 10
-548.5375310805437
 20
-436.253672329801
 30
0.0
 11
-615.643540150503
 21
-438.8115329925889
 31
0.0
  0
LINE
  5
A8
330
1F
100
AcDbEntity
  8
0
100
AcDbLine
 10
489.3788979533709
 20
-305.8823783355957
 30
0.0
 11
384.6617623157455
 21
-316.1499832570217
 31
0.0
  0
LINE
  5
A9
330
1F
100
AcDbEntity
  8
0
100
AcDbLine
 10
489.9643953519259
 20
-311.8537427354867
 30
0.0
 11
492.3775533621792
 21
-336.4650319902374
 31
0.0
  0
LINE
  5
AA
330
1F
100
AcDbEntity
  8
0
100
AcDbLine
 10
385.2472597143002
 20
-322.1213476569125
 30
0.0
 11
489.9643953519259
 21
-311.8537427354867
 31
0.0
  0
LINE
  5
AB
330
1F
100
AcDbEntity
  8
0
100
AcDbLine
 10
216.0585254021284
 20
-338.7096622927307
 30
0.0
 11
227.8090999105063
 21
-360.7760167429582
 31
0.0
  0
LINE
  5
AC
330
1F
100
AcDbEntity
  8
0
100
AcDbLine
 10
385.2472597143002
 20
-322.1213476569125
 30
0.0
 11
378.0065171124241
 21
-346.0498170307227
 31
0.0
  0
LINE
  5
AD
330
1F
100
AcDbEntity
  8
0
100
AcDbLine
 10
-589.345983915916
 20
-417.6087894297108
 30
0.0
 11
-588.4993366577736
 21
-423.5487547822442
 31
0.0
  0
LINE
  5
AE
330
1F
100
AcDbEntity
  8
0
100
AcDbLine
 10
-588.4993366577736
 20
-423.5487547822442
 30
0.0
 11
-454.6419869769946
 21
-404.469525971374
 31
0.0
  0
LINE
  5
AF
330
1F
100
AcDbEntity
  8
0
100
AcDbLine
 10
-454.6419869769946
 20
-404.469525971374
 30
0.0
 11
-455.0653106060652
 21
-401.4995432951073
 31
0.0
  0
LINE
  5
B0
330
1F
100
AcDbEntity
  8
0
100
AcDbLine
 10
-455.3580593053433
 20
-398.5138610951622
 30
0.0
 11
-455.0653106060652
 21
-401.4995432951073
 31
0.0
  0
LINE
  5
B1
330
1F
100
AcDbEntity
  8
0
100
AcDbLine
 10
-455.3580593053433
 20
-398.5138610951622
 30
0.0
 11
-448.1173167034655
 21
-374.5853917213523
 31
0.0
  0
LINE
  5
B2
330
1F
100
AcDbEntity
  8
0
100
AcDbLine
 10
-329.7195092103273
 20
-362.9755993902792
 30
0.0
 11
-448.1173167034655
 21
-374.5853917213523
 31
0.0
  0
LINE
  5
B3
330
1F
100
AcDbEntity
  8
0
100
AcDbLine
 10
-317.9689347019499
 20
-385.0419538405067
 30
0.0
 11
-329.7195092103273
 21
-362.9755993902792
 31
0.0
  0
LINE
  5
B4
330
1F
100
AcDbEntity
  8
0
100
AcDbLine
 10
-135.2568231067196
 20
-373.1556475844733
 30
0.0
 11
-317.3834373033947
 21
-391.0133182403979
 31
0.0
  0
LINE
  5
B5
330
1F
100
AcDbEntity
  8
0
100
AcDbLine
 10
-317.9689347019499
 20
-385.0419538405067
 30
0.0
 11
-135.8423205052751
 21
-367.1842831845821
 31
0.0
  0
LINE
  5
B6
330
1F
100
AcDbEntity
  8
0
100
AcDbLine
 10
-53.5618544754484
 20
-276.057098850378
 30
0.0
 11
-88.74946789214012
 21
-276.057098850378
 31
0.0
  0
LINE
  5
B7
330
1F
100
AcDbEntity
  8
0
100
AcDbLine
 10
-187.7814578921404
 20
-276.0570988503781
 30
0.0
 11
-209.0329578921405
 21
-276.0570988503781
 31
0.0
  0
LINE
  5
B8
330
1F
100
AcDbEntity
  8
0
100
AcDbLine
 10
-389.1257372398337
 20
86.89705800661073
 30
0.0
 11
-389.1257372398337
 21
80.8970580066107
 31
0.0
  0
LINE
  5
B9
330
1F
100
AcDbEntity
  8
0
100
AcDbLine
 10
-389.1257372398337
 20
80.8970580066107
 30
0.0
 11
-219.1257372398332
 21
80.89705800661075
 31
0.0
  0
LINE
  5
BA
330
1F
100
AcDbEntity
  8
0
100
AcDbLine
 10
-219.1257372398332
 20
80.89705800661075
 30
0.0
 11
-219.1257372398333
 21
86.89705800661078
 31
0.0
  0
LINE
  5
BB
330
1F
100
AcDbEntity
  8
0
100
AcDbLine
 10
-36.12573723983319
 20
86.8970580066106
 30
0.0
 11
-36.12573723983328
 21
80.89705800661102
 31
0.0
  0
LINE
  5
BC
330
1F
100
AcDbEntity
  8
0
100
AcDbLine
 10
133.8742627601676
 20
80.8970580066111
 30
0.0
 11
133.8742627601677
 21
86.89705800661069
 31
0.0
  0
LINE
  5
BD
330
1F
100
AcDbEntity
  8
0
100
AcDbLine
 10
316.8742627601678
 20
86.89705800661073
 30
0.0
 11
316.8742627601678
 21
80.89705800661115
 31
0.0
  0
LINE
  5
BE
330
1F
100
AcDbEntity
  8
0
100
AcDbLine
 10
454.9222946623905
 20
80.8970580066112
 30
0.0
 11
454.9222946623902
 21
86.89705800661078
 31
0.0
  0
LINE
  5
BF
330
1F
100
AcDbEntity
  8
0
100
AcDbLine
 10
590.1325445327138
 20
80.89705800790148
 30
0.0
 11
687.7563976974168
 21
80.8970580079017
 31
0.0
  0
LINE
  5
C0
330
1F
100
AcDbEntity
  8
0
100
AcDbLine
 10
454.9222946623905
 20
80.8970580066112
 30
0.0
 11
316.8742627601678
 21
80.89705800661115
 31
0.0
  0
LINE
  5
C1
330
1F
100
AcDbEntity
  8
0
100
AcDbLine
 10
687.7563976974168
 20
80.8970580079017
 30
0.0
 11
666.5438564641969
 21
71.64825549014719
 31
0.0
  0
LINE
  5
C2
330
1F
100
AcDbEntity
  8
0
100
AcDbLine
 10
590.1325445327136
 20
86.89705800532059
 30
0.0
 11
590.1325445327138
 21
80.89705800790148
 31
0.0
  0
LINE
  5
C3
330
1F
100
AcDbEntity
  8
0
100
AcDbLine
 10
133.8742627601676
 20
80.8970580066111
 30
0.0
 11
-36.12573723983328
 21
80.89705800661102
 31
0.0
  0
LINE
  5
C4
330
1F
100
AcDbEntity
  8
0
100
AcDbLine
 10
-187.7814578921404
 20
-263.6759613511986
 30
0.0
 11
-187.7814578921405
 21
-4.037898850377923
 31
0.0
  0
LINE
  5
C5
330
1F
100
AcDbEntity
  8
0
100
AcDbLine
 10
-187.7814578921405
 20
-4.037898850377923
 30
0.0
 11
-114.2512678921402
 21
-4.037898850377833
 31
0.0
  0
LINE
  5
C6
330
1F
100
AcDbEntity
  8
0
100
AcDbLine
 10
-114.2512678921402
 20
-4.037898850377833
 30
0.0
 11
-158.4543878921404
 21
-263.6759613511986
 31
0.0
  0
LINE
  5
C7
330
1F
100
AcDbEntity
  8
0
100
AcDbLine
 10
-187.7814578921404
 20
-263.6759613511986
 30
0.0
 11
-158.4543878921404
 21
-263.6759613511986
 31
0.0
  0
LINE
  5
C8
330
1F
100
AcDbEntity
  8
0
100
AcDbLine
 10
-5.425652197507802
 20
-281.1534203688234
 30
0.0
 11
-45.4307704263688
 21
-281.1534203688235
 31
0.0
  0
LINE
  5
C9
330
1F
100
AcDbEntity
  8
0
100
AcDbLine
 10
1.994437107859557
 20
-291.7832088503781
 30
0.0
 11
-5.425652197507802
 21
-281.1534203688234
 31
0.0
  0
LINE
  5
CA
330
1F
100
AcDbEntity
  8
0
100
AcDbLine
 10
-209.0329578921405
 20
-291.7832088503781
 30
0.0
 11
1.994437107859557
 21
-291.7832088503781
 31
0.0
  0
LINE
  5
CB
330
1F
100
AcDbEntity
  8
0
100
AcDbLine
 10
-209.0329578921405
 20
-276.0570988503781
 30
0.0
 11
-209.0329578921405
 21
-291.7832088503781
 31
0.0
  0
LINE
  5
CC
330
1F
100
AcDbEntity
  8
0
100
AcDbLine
 10
-45.4307704263688
 20
-281.1534203688235
 30
0.0
 11
-53.5618544754484
 21
-276.057098850378
 31
0.0
  0
LINE
  5
CD
330
1F
100
AcDbEntity
  8
0
100
AcDbLine
 10
-397.5568816693984
 20
-139.068429636716
 30
0.0
 11
-462.7989866693984
 21
-139.068429636716
 31
0.0
  0
LINE
  5
CE
330
1F
100
AcDbEntity
  8
0
100
AcDbLine
 10
-462.7989866693984
 20
-139.068429636716
 30
0.0
 11
-468.7691444403217
 21
-137.9534163942415
 31
0.0
  0
LINE
  5
CF
330
1F
100
AcDbEntity
  8
0
100
AcDbLine
 10
-468.7691444403217
 20
-137.9534163942415
 30
0.0
 11
-472.5984750175408
 21
-136.1822395194033
 31
0.0
  0
LINE
  5
D0
330
1F
100
AcDbEntity
  8
0
100
AcDbLine
 10
-472.5984750175408
 20
-136.1822395194033
 30
0.0
 11
-476.237688144987
 21
-132.6859301814955
 31
0.0
  0
LINE
  5
D1
330
1F
100
AcDbEntity
  8
0
100
AcDbLine
 10
-476.237688144987
 20
-132.6859301814955
 30
0.0
 11
-478.2876505750395
 21
-128.4564747113092
 31
0.0
  0
LINE
  5
D2
330
1F
100
AcDbEntity
  8
0
100
AcDbLine
 10
-479.1939314291787
 20
-124.5087651966337
 30
0.0
 11
-478.2876505750395
 21
-128.4564747113092
 31
0.0
  0
LINE
  5
D3
330
1F
100
AcDbEntity
  8
0
100
AcDbLine
 10
-479.1939314291787
 20
-0.9076590965675343
 30
0.0
 11
-467.2930914291787
 21
-0.9076590965675343
 31
0.0
  0
LINE
  5
D4
330
1F
100
AcDbEntity
  8
0
100
AcDbLine
 10
-467.2930914291787
 20
-0.9076590965675343
 30
0.0
 11
-467.2930914291787
 21
30.11953090343251
 31
0.0
  0
LINE
  5
D5
330
1F
100
AcDbEntity
  8
0
100
AcDbLine
 10
-467.2930914291787
 20
30.11953090343251
 30
0.0
 11
-380.3744564291786
 21
30.11953090343256
 31
0.0
  0
LINE
  5
D6
330
1F
100
AcDbEntity
  8
0
100
AcDbLine
 10
552.9922780748618
 20
45.56239021308053
 30
0.0
 11
454.9223118001784
 21
35.28550959090093
 31
0.0
  0
LINE
  5
D7
330
1F
100
AcDbEntity
  8
0
100
AcDbLine
 10
666.5438564641969
 20
71.64825549014719
 30
0.0
 11
633.6125867493236
 21
61.60936056236788
 31
0.0
  0
LINE
  5
D8
330
1F
100
AcDbEntity
  8
0
100
AcDbLine
 10
633.6125867493236
 20
61.60936056236788
 30
0.0
 11
592.8274660853142
 21
52.16000847986632
 31
0.0
  0
LINE
  5
D9
330
1F
100
AcDbEntity
  8
0
100
AcDbLine
 10
592.8274660853142
 20
52.16000847986632
 30
0.0
 11
552.9922780748618
 21
45.56239021308053
 31
0.0
  0
LINE
  5
DA
330
1F
100
AcDbEntity
  8
0
100
AcDbLine
 10
166.8021097475996
 20
-24.53153128059191
 30
0.0
 11
136.7001919916048
 21
-28.70346975536948
 31
0.0
  0
LINE
  5
DB
330
1F
100
AcDbEntity
  8
0
100
AcDbLine
 10
136.7001919916048
 20
-28.70346975536948
 30
0.0
 11
125.224381991605
 21
-28.70346975536948
 31
0.0
  0
LINE
  5
DC
330
1F
100
AcDbEntity
  8
0
100
AcDbLine
 10
125.224381991605
 20
-28.70346975536948
 30
0.0
 11
-88.74946789214012
 21
-276.057098850378
 31
0.0
  0
LINE
  5
DD
330
1F
100
AcDbEntity
  8
0
100
AcDbLine
 10
-187.7814578921404
 20
-276.0570988503781
 30
0.0
 11
-187.7814578921404
 21
-263.6759613511986
 31
0.0
  0
LINE
  5
DE
330
1F
100
AcDbEntity
  8
0
100
AcDbLine
 10
-187.7814578921405
 20
-4.037898850377923
 30
0.0
 11
-276.6127278921408
 21
-4.037898850377878
 31
0.0
  0
LINE
  5
DF
330
1F
100
AcDbEntity
  8
0
100
AcDbLine
 10
-276.6127278921408
 20
-4.037898850377878
 30
0.0
 11
-380.3744564291786
 21
-119.8847657065316
 31
0.0
  0
LINE
  5
E0
330
1F
100
AcDbEntity
  8
0
100
AcDbLine
 10
-380.3744564291786
 20
30.11953090343256
 30
0.0
 11
-380.3744564291786
 21
30.5445609034327
 31
0.0
  0
LINE
  5
E1
330
1F
100
AcDbEntity
  8
0
100
AcDbLine
 10
-380.3744564291786
 20
30.5445609034327
 30
0.0
 11
-438.6284215822919
 21
39.01560657848811
 31
0.0
  0
LINE
  5
E2
330
1F
100
AcDbEntity
  8
0
100
AcDbLine
 10
-438.6284215822919
 20
39.01560657848811
 30
0.0
 11
-472.3207565962302
 21
46.09194021346104
 31
0.0
  0
LINE
  5
E3
330
1F
100
AcDbEntity
  8
0
100
AcDbLine
 10
-472.3207565962302
 20
46.09194021346104
 30
0.0
 11
-494.0572410906844
 21
52.76967471128116
 31
0.0
  0
LINE
  5
E4
330
1F
100
AcDbEntity
  8
0
100
AcDbLine
 10
-494.0572410906844
 20
52.76967471128116
 30
0.0
 11
-494.0572410906844
 21
115.0244413019401
 31
0.0
  0
LINE
  5
E5
330
1F
100
AcDbEntity
  8
0
100
AcDbLine
 10
454.9223118001784
 20
35.28550959090093
 30
0.0
 11
452.5557818357354
 21
32.28014330701943
 31
0.0
  0
LINE
  5
E6
330
1F
100
AcDbEntity
  8
0
100
AcDbLine
 10
452.5557818357354
 20
32.28014330701943
 30
0.0
 11
448.0667578288731
 21
30.34631492532634
 31
0.0
  0
LINE
  5
E7
330
1F
100
AcDbEntity
  8
0
100
AcDbLine
 10
448.0667578288731
 20
30.34631492532634
 30
0.0
 11
439.3204421515351
 21
28.56619330890459
 31
0.0
  0
LINE
  5
E8
330
1F
100
AcDbEntity
  8
0
100
AcDbLine
 10
439.3204421515351
 20
28.56619330890459
 30
0.0
 11
390.7698340832052
 21
25.21780778454717
 31
0.0
  0
LINE
  5
E9
330
1F
100
AcDbEntity
  8
0
100
AcDbLine
 10
390.7698340832052
 20
25.21780778454717
 30
0.0
 11
352.0243005675373
 21
19.94433907753024
 31
0.0
  0
LINE
  5
EA
330
1F
100
AcDbEntity
  8
0
100
AcDbLine
 10
352.0243005675373
 20
19.94433907753024
 30
0.0
 11
293.0557644168127
 21
9.256759714853784
 31
0.0
  0
LINE
  5
EB
330
1F
100
AcDbEntity
  8
0
100
AcDbLine
 10
293.0557644168127
 20
9.256759714853784
 30
0.0
 11
166.8021097475996
 21
-24.53153128059191
 31
0.0
  0
LINE
  5
EC
330
1F
100
AcDbEntity
  8
0
100
AcDbLine
 10
-114.2512678921402
 20
171.8320148635995
 30
0.0
 11
-158.4543878921406
 21
431.4700773644203
 31
0.0
  0
LINE
  5
ED
330
1F
100
AcDbEntity
  8
0
100
AcDbLine
 10
-187.7814578921406
 20
431.4700773644201
 30
0.0
 11
-158.4543878921406
 21
431.4700773644203
 31
0.0
  0
LINE
  5
EE
330
1F
100
AcDbEntity
  8
0
100
AcDbLine
 10
-187.7814578921406
 20
443.8512148635997
 30
0.0
 11
-187.7814578921406
 21
431.4700773644201
 31
0.0
  0
LINE
  5
EF
330
1F
100
AcDbEntity
  8
0
100
AcDbLine
 10
-209.0329578921406
 20
443.8512148635997
 30
0.0
 11
-209.0329578921406
 21
459.5773248635997
 31
0.0
  0
LINE
  5
F0
330
1F
100
AcDbEntity
  8
0
100
AcDbLine
 10
-209.0329578921406
 20
459.5773248635997
 30
0.0
 11
1.994437107859467
 21
459.5773248635997
 31
0.0
  0
LINE
  5
F1
330
1F
100
AcDbEntity
  8
0
100
AcDbLine
 10
1.994437107859467
 20
459.5773248635997
 30
0.0
 11
-5.425652197507891
 21
448.9475363820451
 31
0.0
  0
LINE
  5
F2
330
1F
100
AcDbEntity
  8
0
100
AcDbLine
 10
-5.425652197507891
 20
448.9475363820451
 30
0.0
 11
-45.43077042636889
 21
448.9475363820451
 31
0.0
  0
LINE
  5
F3
330
1F
100
AcDbEntity
  8
0
100
AcDbLine
 10
-45.43077042636889
 20
448.9475363820451
 30
0.0
 11
-53.56185447544849
 21
443.8512148635997
 31
0.0
  0
LINE
  5
F4
330
1F
100
AcDbEntity
  8
0
100
AcDbLine
 10
166.8021097475996
 20
192.3256472938137
 30
0.0
 11
136.7001919916047
 21
196.4975857685913
 31
0.0
  0
LINE
  5
F5
330
1F
100
AcDbEntity
  8
0
100
AcDbLine
 10
293.0557644168126
 20
158.5373562983681
 30
0.0
 11
166.8021097475996
 21
192.3256472938137
 31
0.0
  0
LINE
  5
F6
330
1F
100
AcDbEntity
  8
0
100
AcDbLine
 10
390.769834083205
 20
142.5763082286747
 30
0.0
 11
352.0243005675371
 21
147.8497769356916
 31
0.0
  0
LINE
  5
F7
330
1F
100
AcDbEntity
  8
0
100
AcDbLine
 10
439.320442151535
 20
139.2279227043174
 30
0.0
 11
390.769834083205
 21
142.5763082286747
 31
0.0
  0
LINE
  5
F8
330
1F
100
AcDbEntity
  8
0
100
AcDbLine
 10
452.5557818357353
 20
135.5139727062025
 30
0.0
 11
448.0667578288729
 21
137.4478010878956
 31
0.0
  0
LINE
  5
F9
330
1F
100
AcDbEntity
  8
0
100
AcDbLine
 10
454.9223118001782
 20
132.5086064223211
 30
0.0
 11
452.5557818357353
 21
135.5139727062025
 31
0.0
  0
LINE
  5
FA
330
1F
100
AcDbEntity
  8
0
100
AcDbLine
 10
552.9922780748617
 20
122.2317258001415
 30
0.0
 11
454.9223118001782
 21
132.5086064223211
 31
0.0
  0
LINE
  5
FB
330
1F
100
AcDbEntity
  8
0
100
AcDbLine
 10
592.827466085314
 20
115.6341075333557
 30
0.0
 11
552.9922780748617
 21
122.2317258001415
 31
0.0
  0
LINE
  5
FC
330
1F
100
AcDbEntity
  8
0
100
AcDbLine
 10
633.6125867493233
 20
106.1847554508542
 30
0.0
 11
592.827466085314
 21
115.6341075333557
 31
0.0
  0
LINE
  5
FD
330
1F
100
AcDbEntity
  8
0
100
AcDbLine
 10
666.5438564641968
 20
96.14586052307487
 30
0.0
 11
633.6125867493233
 21
106.1847554508542
 31
0.0
  0
LINE
  5
FE
330
1F
100
AcDbEntity
  8
0
100
AcDbLine
 10
-472.3207565962303
 20
121.7021757997603
 30
0.0
 11
-494.0572410906844
 21
115.0244413019401
 31
0.0
  0
LINE
  5
FF
330
1F
100
AcDbEntity
  8
0
100
AcDbLine
 10
-438.628421582292
 20
128.7785094347332
 30
0.0
 11
-472.3207565962303
 21
121.7021757997603
 31
0.0
  0
LINE
  5
100
330
1F
100
AcDbEntity
  8
0
100
AcDbLine
 10
-380.3744564291786
 20
137.2495551097887
 30
0.0
 11
-438.628421582292
 21
128.7785094347332
 31
0.0
  0
LINE
  5
101
330
1F
100
AcDbEntity
  8
0
100
AcDbLine
 10
-380.3744564291786
 20
137.6745851097889
 30
0.0
 11
-380.3744564291786
 21
137.2495551097887
 31
0.0
  0
LINE
  5
102
330
1F
100
AcDbEntity
  8
0
100
AcDbLine
 10
-467.2930914291787
 20
137.6745851097888
 30
0.0
 11
-380.3744564291786
 21
137.6745851097889
 31
0.0
  0
LINE
  5
103
330
1F
100
AcDbEntity
  8
0
100
AcDbLine
 10
-467.2930914291787
 20
168.7017751097889
 30
0.0
 11
-467.2930914291787
 21
137.6745851097888
 31
0.0
  0
LINE
  5
104
330
1F
100
AcDbEntity
  8
0
100
AcDbLine
 10
-479.1939314291787
 20
168.7017751097889
 30
0.0
 11
-467.2930914291787
 21
168.7017751097889
 31
0.0
  0
LINE
  5
105
330
1F
100
AcDbEntity
  8
0
100
AcDbLine
 10
-479.1939314291787
 20
292.3028812098551
 30
0.0
 11
-478.2876505750396
 21
296.2505907245305
 31
0.0
  0
LINE
  5
106
330
1F
100
AcDbEntity
  8
0
100
AcDbLine
 10
136.7001919916047
 20
196.4975857685913
 30
0.0
 11
125.2243819916049
 21
196.4975857685913
 31
0.0
  0
LINE
  5
107
330
1F
100
AcDbEntity
  8
0
100
AcDbLine
 10
-187.7814578921405
 20
171.8320148635995
 30
0.0
 11
-114.2512678921402
 21
171.8320148635995
 31
0.0
  0
LINE
  5
108
330
1F
100
AcDbEntity
  8
0
100
AcDbLine
 10
-187.7814578921406
 20
431.4700773644201
 30
0.0
 11
-187.7814578921405
 21
171.8320148635995
 31
0.0
  0
LINE
  5
109
330
1F
100
AcDbEntity
  8
0
100
AcDbLine
 10
-187.7814578921405
 20
171.8320148635995
 30
0.0
 11
-276.6127278921409
 21
171.8320148635995
 31
0.0
  0
LINE
  5
10A
330
1F
100
AcDbEntity
  8
0
100
AcDbLine
 10
-476.2376881449871
 20
300.4800461947168
 30
0.0
 11
-478.2876505750396
 21
296.2505907245305
 31
0.0
  0
LINE
  5
10B
330
1F
100
AcDbEntity
  8
0
100
AcDbLine
 10
-472.5984750175409
 20
303.9763555326246
 30
0.0
 11
-476.2376881449871
 21
300.4800461947168
 31
0.0
  0
LINE
  5
10C
330
1F
100
AcDbEntity
  8
0
100
AcDbLine
 10
-468.7691444403217
 20
305.7475324074629
 30
0.0
 11
-472.5984750175409
 21
303.9763555326246
 31
0.0
  0
LINE
  5
10D
330
1F
100
AcDbEntity
  8
0
100
AcDbLine
 10
-462.7989866693985
 20
306.8625456499374
 30
0.0
 11
-468.7691444403217
 21
305.7475324074629
 31
0.0
  0
LINE
  5
10E
330
1F
100
AcDbEntity
  8
0
100
AcDbLine
 10
-397.5568816693984
 20
306.8625456499374
 30
0.0
 11
-462.7989866693985
 21
306.8625456499374
 31
0.0
  0
LINE
  5
10F
330
1F
100
AcDbEntity
  8
0
100
AcDbLine
 10
-276.6127278921409
 20
171.8320148635995
 30
0.0
 11
-380.3744564291786
 21
287.678881719753
 31
0.0
  0
LINE
  5
110
330
1F
100
AcDbEntity
  8
0
100
AcDbLine
 10
-53.56185447544849
 20
443.8512148635997
 30
0.0
 11
-88.74946789214025
 21
443.8512148635997
 31
0.0
  0
LINE
  5
111
330
1F
100
AcDbEntity
  8
0
100
AcDbLine
 10
-187.7814578921406
 20
443.8512148635997
 30
0.0
 11
-209.0329578921406
 21
443.8512148635997
 31
0.0
  0
LINE
  5
112
330
1F
100
AcDbEntity
  8
0
100
AcDbLine
 10
352.0243005675371
 20
147.8497769356916
 30
0.0
 11
293.0557644168126
 21
158.5373562983681
 31
0.0
  0
LINE
  5
113
330
1F
100
AcDbEntity
  8
0
100
AcDbLine
 10
448.0667578288729
 20
137.4478010878956
 30
0.0
 11
439.320442151535
 21
139.2279227043174
 31
0.0
  0
LINE
  5
114
330
1F
100
AcDbEntity
  8
0
100
AcDbLine
 10
125.2243819916049
 20
196.4975857685913
 30
0.0
 11
-88.74946789214025
 21
443.8512148635997
 31
0.0
  0
LINE
  5
115
330
1F
100
AcDbEntity
  8
0
100
AcDbLine
 10
-389.1257372398337
 20
86.89705800661073
 30
0.0
 11
-219.1257372398333
 21
86.89705800661078
 31
0.0
  0
LINE
  5
116
330
1F
100
AcDbEntity
  8
0
100
AcDbLine
 10
590.1325445327136
 20
86.89705800532059
 30
0.0
 11
687.7563976974167
 21
86.89705800532046
 31
0.0
  0
LINE
  5
117
330
1F
100
AcDbEntity
  8
0
100
AcDbLine
 10
454.9222946623902
 20
86.89705800661078
 30
0.0
 11
316.8742627601678
 21
86.89705800661073
 31
0.0
  0
LINE
  5
118
330
1F
100
AcDbEntity
  8
0
100
AcDbLine
 10
687.7563976974167
 20
86.89705800532046
 30
0.0
 11
666.5438564641968
 21
96.14586052307487
 31
0.0
  0
LINE
  5
119
330
1F
100
AcDbEntity
  8
0
100
AcDbLine
 10
133.8742627601677
 20
86.89705800661069
 30
0.0
 11
-36.12573723983319
 21
86.8970580066106
 31
0.0
  0
LINE
  5
11A
330
1F
100
AcDbEntity
  8
0
100
AcDbLine
 10
-589.345983915916
 20
-417.6087894297108
 30
0.0
 11
-602.1454342104363
 21
-407.9049411397843
 31
0.0
  0
LINE
  5
11B
330
1F
100
AcDbEntity
  8
0
100
AcDbLine
 10
-599.1585914371575
 20
-392.2473629943348
 30
0.0
 11
-584.7206901983681
 21
-386.8021730889337
 31
0.0
  0
LINE
  5
11C
330
1F
100
AcDbEntity
  8
0
100
AcDbLine
 10
-602.1454342104363
 20
-407.9049411397843
 30
0.0
 11
-599.1585914371575
 21
-392.2473629943348
 31
0.0
  0
LINE
  5
11D
330
1F
100
AcDbEntity
  8
0
100
AcDbLine
 10
-380.3744564291786
 20
287.678881719753
 30
0.0
 11
-397.5568816693984
 21
306.8625456499374
 31
0.0
  0
LINE
  5
11E
330
1F
100
AcDbEntity
  8
0
100
AcDbLine
 10
-380.3744564291786
 20
137.6745851097889
 30
0.0
 11
-380.3744564291786
 21
287.678881719753
 31
0.0
  0
LINE
  5
11F
330
1F
100
AcDbEntity
  8
0
100
AcDbLine
 10
-380.3744564291786
 20
-119.8847657065316
 30
0.0
 11
-397.5568816693984
 21
-139.068429636716
 31
0.0
  0
LINE
  5
120
330
1F
100
AcDbEntity
  8
0
100
AcDbLine
 10
-380.3744564291786
 20
30.11953090343256
 30
0.0
 11
-380.3744564291786
 21
-119.8847657065316
 31
0.0
  0
LINE
  5
121
330
1F
100
AcDbEntity
  8
0
100
AcDbLine
 10
-479.1939314291787
 20
-0.9076590965675343
 30
0.0
 11
-479.1939314291787
 21
-124.5087651966337
 31
0.0
  0
LINE
  5
122
330
1F
100
AcDbEntity
  8
0
100
AcDbLine
 10
-479.1939314291787
 20
292.3028812098551
 30
0.0
 11
-479.1939314291787
 21
168.7017751097889
 31
0.0
  0
LINE
  5
123
330
1F
100
AcDbEntity
  8
0
100
AcDbLine
 10
384.6617623157455
 20
-316.1499832570217
 30
0.0
 11
385.2472597143002
 21
-322.1213476569125
 31
0.0
  0
ENDSEC
  0
SECTION
  2
OBJECTS
  0
DICTIONARY
  5
C
330
0
100
AcDbDictionary
  3
ACAD_GROUP
350
D
  3
ACAD_LAYOUT
350
1A
  3
ACAD_MLEADERSTYLE
350
147
  3
ACAD_MLINESTYLE
350
17
  3
ACAD_PLOTSETTINGS
350
19
  3
ACAD_SCALELIST
350
3B
  3
ACAD_TABLESTYLE
350
146
  3
ACAD_VISUALSTYLE
350
2A
  3
ACDBHEADERROUNDTRIPXREC
350
124
  3
ACDBVARIABLEDICTIONARY
350
144
  0
DICTIONARY
  5
D
102
{ACAD_REACTORS
330
C
102
}
330
C
100
AcDbDictionary
  0
DICTIONARY
  5
1A
102
{ACAD_REACTORS
330
C
102
}
330
C
100
AcDbDictionary
  0
DICTIONARY
  5
147
102
{ACAD_REACTORS
330
C
102
}
330
C
100
AcDbDictionary
  0
DICTIONARY
  5
17
102
{ACAD_REACTORS
330
C
102
}
330
C
100
AcDbDictionary
  3
STANDARD
350
18
  0
DICTIONARY
  5
19
102
{ACAD_REACTORS
330
C
102
}
330
C
100
AcDbDictionary
  0
DICTIONARY
  5
3B
102
{ACAD_REACTORS
330
C
102
}
330
C
100
AcDbDictionary
  3
A0
350
3C
  3
A1
350
3D
  3
A2
350
3E
  3
A3
350
3F
  3
A4
350
40
  3
A5
350
41
  3
A6
350
42
  3
A7
350
43
  3
A8
350
44
  3
A9
350
45
  3
B0
350
46
  3
B1
350
47
  3
B2
350
48
  3
B3
350
49
  3
B4
350
4A
  3
B5
350
4B
  3
B6
350
4C
  3
B7
350
4D
  3
B8
350
4E
  3
B9
350
4F
  3
C0
350
50
  3
C1
350
51
  3
C2
350
52
  3
C3
350
53
  3
C4
350
54
  3
C5
350
55
  3
C6
350
56
  3
C7
350
57
  3
C8
350
58
  3
C9
350
59
  3
D0
350
5A
  3
D1
350
5B
  3
D2
350
5C
  0
DICTIONARY
  5
146
102
{ACAD_REACTORS
330
C
102
}
330
C
100
AcDbDictionary
  0
DICTIONARY
  5
2A
102
{ACAD_REACTORS
330
C
102
}
330
C
100
AcDbDictionary
  3
2DWIREFRAME
350
2F
  3
3D_HIDDEN
350
31
  3
3DWIREFRAME
350
30
  3
BASIC
350
32
  3
BRIGHTEN
350
36
  3
COLORCHANGE
350
3A
  3
CONCEPTUAL
350
34
  3
DIM
350
35
  3
FACEPATTERN
350
39
  3
FLAT
350
2B
  3
FLATWITHEDGES
350
2C
  3
GOURAUD
350
2D
  3
GOURAUDWITHEDGES
350
2E
  3
LINEPATTERN
350
38
  3
REALISTIC
350
33
  3
THICKEN
350
37
  0
DICTIONARY
  5
124
102
{ACAD_REACTORS
330
C
102
}
330
C
100
AcDbDictionary
  3
CEPSNTYPE
350
12D
  3
DIMSTYLEDATA
350
143
  3
FINGERPRINTGUID
350
12E
  3
HYPERLINKBASE
350
127
  3
INSUNITS
350
12C
  3
LAYOUTDICT
350
129
  3
LWETCUNION
350
12B
  3
PLOTSETDICT
350
12A
  3
PSVPSCALE
350
130
  3
PUCSBASE
350
133
  3
PUCSORGBACK
350
139
  3
PUCSORGBOTTOM
350
135
  3
PUCSORGFRONT
350
138
  3
PUCSORGLEFT
350
136
  3
PUCSORGRIGHT
350
137
  3
PUCSORGTOP
350
134
  3
PUCSORTHOREF
350
131
  3
PUCSORTHOVIEW
350
132
  3
STYLESHEET
350
128
  3
TSTACKALIGN
350
125
  3
TSTACKSIZE
350
126
  3
UCSBASE
350
13C
  3
UCSORGBACK
350
142
  3
UCSORGBOTTOM
350
13E
  3
UCSORGFRONT
350
141
  3
UCSORGLEFT
350
13F
  3
UCSORGRIGHT
350
140
  3
UCSORGTOP
350
13D
  3
UCSORTHOREF
350
13A
  3
UCSORTHOVIEW
350
13B
  3
VERSIONGUID
350
12F
  0
DICTIONARY
  5
144
102
{ACAD_REACTORS
330
C
102
}
330
C
100
AcDbDictionary
  3
CANNOSCALE
350
145
  0
MLINESTYLE
  5
18
102
{ACAD_REACTORS
330
17
102
}
330
17
100
AcDbMlineStyle
  2
Standard
 70
     0
  3

 62
   256
 51
90.0
 52
90.0
 71
     2
 49
0.5
 62
   256
  6
BYLAYER
 49
-0.5
 62
   256
  6
BYLAYER
  0
SCALE
  5
3C
102
{ACAD_REACTORS
330
3B
102
}
330
3B
100
AcDbScale
 70
     0
300
1:1
140
1.0
141
1.0
290
     1
  0
SCALE
  5
3D
102
{ACAD_REACTORS
330
3B
102
}
330
3B
100
AcDbScale
 70
     0
300
1:2
140
1.0
141
2.0
290
     0
  0
SCALE
  5
3E
102
{ACAD_REACTORS
330
3B
102
}
330
3B
100
AcDbScale
 70
     0
300
1:4
140
1.0
141
4.0
290
     0
  0
SCALE
  5
3F
102
{ACAD_REACTORS
330
3B
102
}
330
3B
100
AcDbScale
 70
     0
300
1:5
140
1.0
141
5.0
290
     0
  0
SCALE
  5
40
102
{ACAD_REACTORS
330
3B
102
}
330
3B
100
AcDbScale
 70
     0
300
1:8
140
1.0
141
8.0
290
     0
  0
SCALE
  5
41
102
{ACAD_REACTORS
330
3B
102
}
330
3B
100
AcDbScale
 70
     0
300
1:10
140
1.0
141
10.0
290
     0
  0
SCALE
  5
42
102
{ACAD_REACTORS
330
3B
102
}
330
3B
100
AcDbScale
 70
     0
300
1:16
140
1.0
141
16.0
290
     0
  0
SCALE
  5
43
102
{ACAD_REACTORS
330
3B
102
}
330
3B
100
AcDbScale
 70
     0
300
1:20
140
1.0
141
20.0
290
     0
  0
SCALE
  5
44
102
{ACAD_REACTORS
330
3B
102
}
330
3B
100
AcDbScale
 70
     0
300
1:30
140
1.0
141
30.0
290
     0
  0
SCALE
  5
45
102
{ACAD_REACTORS
330
3B
102
}
330
3B
100
AcDbScale
 70
     0
300
1:40
140
1.0
141
40.0
290
     0
  0
SCALE
  5
46
102
{ACAD_REACTORS
330
3B
102
}
330
3B
100
AcDbScale
 70
     0
300
1:50
140
1.0
141
50.0
290
     0
  0
SCALE
  5
47
102
{ACAD_REACTORS
330
3B
102
}
330
3B
100
AcDbScale
 70
     0
300
1:100
140
1.0
141
100.0
290
     0
  0
SCALE
  5
48
102
{ACAD_REACTORS
330
3B
102
}
330
3B
100
AcDbScale
 70
     0
300
2:1
140
2.0
141
1.0
290
     0
  0
SCALE
  5
49
102
{ACAD_REACTORS
330
3B
102
}
330
3B
100
AcDbScale
 70
     0
300
4:1
140
4.0
141
1.0
290
     0
  0
SCALE
  5
4A
102
{ACAD_REACTORS
330
3B
102
}
330
3B
100
AcDbScale
 70
     0
300
8:1
140
8.0
141
1.0
290
     0
  0
SCALE
  5
4B
102
{ACAD_REACTORS
330
3B
102
}
330
3B
100
AcDbScale
 70
     0
300
10:1
140
10.0
141
1.0
290
     0
  0
SCALE
  5
4C
102
{ACAD_REACTORS
330
3B
102
}
330
3B
100
AcDbScale
 70
     0
300
100:1
140
100.0
141
1.0
290
     0
  0
SCALE
  5
4D
102
{ACAD_REACTORS
330
3B
102
}
330
3B
100
AcDbScale
 70
     0
300
1/128" = 1'-0"
140
0.0078125
141
12.0
290
     0
  0
SCALE
  5
4E
102
{ACAD_REACTORS
330
3B
102
}
330
3B
100
AcDbScale
 70
     0
300
1/64" = 1'-0"
140
0.015625
141
12.0
290
     0
  0
SCALE
  5
4F
102
{ACAD_REACTORS
330
3B
102
}
330
3B
100
AcDbScale
 70
     0
300
1/32" = 1'-0"
140
0.03125
141
12.0
290
     0
  0
SCALE
  5
50
102
{ACAD_REACTORS
330
3B
102
}
330
3B
100
AcDbScale
 70
     0
300
1/16" = 1'-0"
140
0.0625
141
12.0
290
     0
  0
SCALE
  5
51
102
{ACAD_REACTORS
330
3B
102
}
330
3B
100
AcDbScale
 70
     0
300
3/32" = 1'-0"
140
0.09375
141
12.0
290
     0
  0
SCALE
  5
52
102
{ACAD_REACTORS
330
3B
102
}
330
3B
100
AcDbScale
 70
     0
300
1/8" = 1'-0"
140
0.125
141
12.0
290
     0
  0
SCALE
  5
53
102
{ACAD_REACTORS
330
3B
102
}
330
3B
100
AcDbScale
 70
     0
300
3/16" = 1'-0"
140
0.1875
141
12.0
290
     0
  0
SCALE
  5
54
102
{ACAD_REACTORS
330
3B
102
}
330
3B
100
AcDbScale
 70
     0
300
1/4" = 1'-0"
140
0.25
141
12.0
290
     0
  0
SCALE
  5
55
102
{ACAD_REACTORS
330
3B
102
}
330
3B
100
AcDbScale
 70
     0
300
3/8" = 1'-0"
140
0.375
141
12.0
290
     0
  0
SCALE
  5
56
102
{ACAD_REACTORS
330
3B
102
}
330
3B
100
AcDbScale
 70
     0
300
1/2" = 1'-0"
140
0.5
141
12.0
290
     0
  0
SCALE
  5
57
102
{ACAD_REACTORS
330
3B
102
}
330
3B
100
AcDbScale
 70
     0
300
3/4" = 1'-0"
140
0.75
141
12.0
290
     0
  0
SCALE
  5
58
102
{ACAD_REACTORS
330
3B
102
}
330
3B
100
AcDbScale
 70
     0
300
1" = 1'-0"
140
1.0
141
12.0
290
     0
  0
SCALE
  5
59
102
{ACAD_REACTORS
330
3B
102
}
330
3B
100
AcDbScale
 70
     0
300
1-1/2" = 1'-0"
140
1.5
141
12.0
290
     0
  0
SCALE
  5
5A
102
{ACAD_REACTORS
330
3B
102
}
330
3B
100
AcDbScale
 70
     0
300
3" = 1'-0"
140
3.0
141
12.0
290
     0
  0
SCALE
  5
5B
102
{ACAD_REACTORS
330
3B
102
}
330
3B
100
AcDbScale
 70
     0
300
6" = 1'-0"
140
6.0
141
12.0
290
     0
  0
SCALE
  5
5C
102
{ACAD_REACTORS
330
3B
102
}
330
3B
100
AcDbScale
 70
     0
300
1'-0" = 1'-0"
140
12.0
141
12.0
290
     0
  0
VISUALSTYLE
  5
2F
102
{ACAD_REACTORS
330
2A
102
}
330
2A
100
AcDbVisualStyle
  2
2dWireframe
 70
     4
 71
     0
 72
     2
 73
     0
 90
        0
 40
-0.6
 41
-30.0
 62
     5
 63
     7
 74
     1
 91
        4
 64
     7
 65
   257
 75
     1
175
     1
 42
1.0
 92
        0
 66
   257
 43
1.0
 76
     1
 77
     6
 78
     2
 67
     7
 79
     5
170
     0
171
     0
290
     0
174
     0
 93
        1
 44
0.0
173
     0
291
     0
 45
0.0
1001
ACAD
1000
AcDbSavedByObjectVersion
1070
     0
  0
VISUALSTYLE
  5
31
102
{ACAD_REACTORS
330
2A
102
}
330
2A
100
AcDbVisualStyle
  2
3D Hidden
 70
     6
 71
     1
 72
     2
 73
     2
 90
        0
 40
-0.6
 41
-30.0
 62
     5
 63
     7
 74
     2
 91
        2
 64
     7
 65
   257
 75
     2
175
     1
 42
40.0
 92
        0
 66
   257
 43
1.0
 76
     1
 77
     6
 78
     2
 67
     7
 79
     3
170
     0
171
     0
290
     0
174
     0
 93
        1
 44
0.0
173
     0
291
     0
 45
0.0
1001
ACAD
1000
AcDbSavedByObjectVersion
1070
     0
  0
VISUALSTYLE
  5
30
102
{ACAD_REACTORS
330
2A
102
}
330
2A
100
AcDbVisualStyle
  2
3dWireframe
 70
     5
 71
     0
 72
     2
 73
     0
 90
        0
 40
-0.6
 41
-30.0
 62
     5
 63
     7
 74
     1
 91
        4
 64
     7
 65
   257
 75
     1
175
     1
 42
1.0
 92
        0
 66
   257
 43
1.0
 76
     1
 77
     6
 78
     2
 67
     7
 79
     5
170
     0
171
     0
290
     0
174
     0
 93
        1
 44
0.0
173
     0
291
     0
 45
0.0
1001
ACAD
1000
AcDbSavedByObjectVersion
1070
     0
  0
VISUALSTYLE
  5
32
102
{ACAD_REACTORS
330
2A
102
}
330
2A
100
AcDbVisualStyle
  2
Basic
 70
     7
 71
     1
 72
     0
 73
     1
 90
        0
 40
-0.6
 41
-30.0
 62
     5
 63
     7
 74
     0
 91
        4
 64
     7
 65
   257
 75
     1
175
     1
 42
1.0
 92
        8
 66
     7
 43
1.0
 76
     1
 77
     6
 78
     2
 67
     7
 79
     5
170
     0
171
     0
290
     0
174
     0
 93
        1
 44
0.0
173
     0
291
     1
 45
0.0
1001
ACAD
1000
AcDbSavedByObjectVersion
1070
     0
  0
VISUALSTYLE
  5
36
102
{ACAD_REACTORS
330
2A
102
}
330
2A
100
AcDbVisualStyle
  2
Brighten
 70
    12
 71
     2
 72
     2
 73
     0
 90
        0
 40
-0.6
 41
-30.0
 62
     5
 63
     7
 74
     1
 91
        4
 64
     7
 65
   257
 75
     1
175
     1
 42
1.0
 92
        8
 66
     7
 43
1.0
 76
     1
 77
     6
 78
     2
 67
     7
 79
     5
170
     0
171
     0
290
     0
174
     0
 93
        1
 44
50.0
173
     0
291
     1
 45
0.0
1001
ACAD
1000
AcDbSavedByObjectVersion
1070
     0
  0
VISUALSTYLE
  5
3A
102
{ACAD_REACTORS
330
2A
102
}
330
2A
100
AcDbVisualStyle
  2
ColorChange
 70
    16
 71
     2
 72
     2
 73
     3
 90
        0
 40
-0.6
 41
-30.0
 62
     5
 63
     8
 74
     1
 91
        4
 64
     7
 65
   257
 75
     1
175
     1
 42
1.0
 92
        8
 66
     8
 43
1.0
 76
     1
 77
     6
 78
     2
 67
     7
 79
     5
170
     0
171
     0
290
     0
174
     0
 93
        1
 44
0.0
173
     0
291
     1
 45
0.0
1001
ACAD
1000
AcDbSavedByObjectVersion
1070
     0
  0
VISUALSTYLE
  5
34
102
{ACAD_REACTORS
330
2A
102
}
330
2A
100
AcDbVisualStyle
  2
Conceptual
 70
     9
 71
     3
 72
     2
 73
     0
 90
        0
 40
-0.6
 41
-30.0
 62
     5
 63
     7
 74
     2
 91
        2
 64
     7
 65
   257
 75
     1
175
     1
 42
40.0
 92
        8
 66
     7
 43
1.0
 76
     1
 77
     6
 78
     2
 67
     7
 79
     3
170
     0
171
     0
290
     0
174
     0
 93
        1
 44
0.0
173
     0
291
     0
 45
0.0
1001
ACAD
1000
AcDbSavedByObjectVersion
1070
     0
  0
VISUALSTYLE
  5
35
102
{ACAD_REACTORS
330
2A
102
}
330
2A
100
AcDbVisualStyle
  2
Dim
 70
    11
 71
     2
 72
     2
 73
     0
 90
        0
 40
-0.6
 41
-30.0
 62
     5
 63
     7
 74
     1
 91
        4
 64
     7
 65
   257
 75
     1
175
     1
 42
1.0
 92
        8
 66
     7
 43
1.0
 76
     1
 77
     6
 78
     2
 67
     7
 79
     5
170
     0
171
     0
290
     0
174
     0
 93
        1
 44
-50.0
173
     0
291
     1
 45
0.0
1001
ACAD
1000
AcDbSavedByObjectVersion
1070
     0
  0
VISUALSTYLE
  5
39
102
{ACAD_REACTORS
330
2A
102
}
330
2A
100
AcDbVisualStyle
  2
Facepattern
 70
    15
 71
     2
 72
     2
 73
     0
 90
        0
 40
-0.6
 41
-30.0
 62
     5
 63
     7
 74
     1
 91
        4
 64
     7
 65
   257
 75
     1
175
     1
 42
1.0
 92
        8
 66
     7
 43
1.0
 76
     1
 77
     6
 78
     2
 67
     7
 79
     5
170
     0
171
     0
290
     0
174
     0
 93
        1
 44
0.0
173
     0
291
     1
 45
0.0
1001
ACAD
1000
AcDbSavedByObjectVersion
1070
     0
  0
VISUALSTYLE
  5
2B
102
{ACAD_REACTORS
330
2A
102
}
330
2A
100
AcDbVisualStyle
  2
Flat
 70
     0
 71
     2
 72
     1
 73
     1
 90
        2
 40
-0.6
 41
30.0
 62
     5
 63
     7
 74
     0
 91
        4
 64
     7
 65
   257
 75
     1
175
     1
 42
1.0
 92
        8
 66
     7
 43
1.0
 76
     1
 77
     6
 78
     2
 67
     7
 79
     5
170
     0
171
     0
290
     0
174
     0
 93
       13
 44
0.0
173
     0
291
     1
 45
0.0
1001
ACAD
1000
AcDbSavedByObjectVersion
1070
     0
  0
VISUALSTYLE
  5
2C
102
{ACAD_REACTORS
330
2A
102
}
330
2A
100
AcDbVisualStyle
  2
FlatWithEdges
 70
     1
 71
     2
 72
     1
 73
     1
 90
        2
 40
-0.6
 41
30.0
 62
     5
 63
     7
 74
     1
 91
        4
 64
     7
 65
   257
 75
     1
175
     1
 42
1.0
 92
        0
 66
   257
 43
1.0
 76
     1
 77
     6
 78
     2
 67
     7
 79
     5
170
     0
171
     0
290
     0
174
     0
 93
       13
 44
0.0
173
     0
291
     1
 45
0.0
1001
ACAD
1000
AcDbSavedByObjectVersion
1070
     0
  0
VISUALSTYLE
  5
2D
102
{ACAD_REACTORS
330
2A
102
}
330
2A
100
AcDbVisualStyle
  2
Gouraud
 70
     2
 71
     2
 72
     2
 73
     1
 90
        2
 40
-0.6
 41
30.0
 62
     5
 63
     7
 74
     0
 91
        4
 64
     7
 65
   257
 75
     1
175
     1
 42
1.0
 92
        0
 66
     7
 43
1.0
 76
     1
 77
     6
 78
     2
 67
     7
 79
     5
170
     0
171
     0
290
     0
174
     0
 93
       13
 44
0.0
173
     0
291
     1
 45
0.0
1001
ACAD
1000
AcDbSavedByObjectVersion
1070
     0
  0
VISUALSTYLE
  5
2E
102
{ACAD_REACTORS
330
2A
102
}
330
2A
100
AcDbVisualStyle
  2
GouraudWithEdges
 70
     3
 71
     2
 72
     2
 73
     1
 90
        2
 40
-0.6
 41
30.0
 62
     5
 63
     7
 74
     1
 91
        4
 64
     7
 65
   257
 75
     1
175
     1
 42
1.0
 92
        0
 66
   257
 43
1.0
 76
     1
 77
     6
 78
     2
 67
     7
 79
     5
170
     0
171
     0
290
     0
174
     0
 93
       13
 44
0.0
173
     0
291
     1
 45
0.0
1001
ACAD
1000
AcDbSavedByObjectVersion
1070
     0
  0
VISUALSTYLE
  5
38
102
{ACAD_REACTORS
330
2A
102
}
330
2A
100
AcDbVisualStyle
  2
Linepattern
 70
    14
 71
     2
 72
     2
 73
     0
 90
        0
 40
-0.6
 41
-30.0
 62
     5
 63
     7
 74
     1
 91
        4
 64
     7
 65
   257
 75
     7
175
     7
 42
1.0
 92
        8
 66
     7
 43
1.0
 76
     1
 77
     6
 78
     2
 67
     7
 79
     5
170
     0
171
     0
290
     0
174
     0
 93
        1
 44
0.0
173
     0
291
     1
 45
0.0
1001
ACAD
1000
AcDbSavedByObjectVersion
1070
     0
  0
VISUALSTYLE
  5
33
102
{ACAD_REACTORS
330
2A
102
}
330
2A
100
AcDbVisualStyle
  2
Realistic
 70
     8
 71
     2
 72
     2
 73
     0
 90
        0
 40
-0.6
 41
-30.0
 62
     5
 63
     7
 74
     1
 91
        0
 64
     7
 65
   257
 75
     1
175
     1
 42
1.0
 92
        8
 66
     8
 43
1.0
 76
     1
 77
     6
 78
     2
 67
     7
 79
     5
170
     0
171
     0
290
     0
174
     0
 93
       13
 44
0.0
173
     0
291
     0
 45
0.0
1001
ACAD
1000
AcDbSavedByObjectVersion
1070
     0
  0
VISUALSTYLE
  5
37
102
{ACAD_REACTORS
330
2A
102
}
330
2A
100
AcDbVisualStyle
  2
Thicken
 70
    13
 71
     2
 72
     2
 73
     0
 90
        0
 40
-0.6
 41
-30.0
 62
     5
 63
     7
 74
     1
 91
        4
 64
     7
 65
   257
 75
     1
175
     1
 42
1.0
 92
       12
 66
     7
 43
1.0
 76
     1
 77
     6
 78
     2
 67
     7
 79
     5
170
     0
171
     0
290
     0
174
     0
 93
        1
 44
0.0
173
     0
291
     1
 45
0.0
1001
ACAD
1000
AcDbSavedByObjectVersion
1070
     0
  0
XRECORD
  5
12D
102
{ACAD_REACTORS
330
124
102
}
330
124
100
AcDbXrecord
 90
        0
  0
XRECORD
  5
143
102
{ACAD_REACTORS
330
124
102
}
330
124
100
AcDbXrecord
1000
DSTYLE
1002
{
1070
   340
340
11
1002
}
  0
XRECORD
  5
12E
102
{ACAD_REACTORS
330
124
102
}
330
124
100
AcDbXrecord
  1
{813BFF3E-FEF9-4E87-B931-CD87D05290C4}
  0
XRECORD
  5
127
102
{ACAD_REACTORS
330
124
102
}
330
124
100
AcDbXrecord
  1

  0
XRECORD
  5
12C
102
{ACAD_REACTORS
330
124
102
}
330
124
100
AcDbXrecord
 90
        1
  0
XRECORD
  5
129
102
{ACAD_REACTORS
330
124
102
}
330
124
100
AcDbXrecord
340
1A
  0
XRECORD
  5
12B
102
{ACAD_REACTORS
330
124
102
}
330
124
100
AcDbXrecord
 90
    10781
  0
XRECORD
  5
12A
102
{ACAD_REACTORS
330
124
102
}
330
124
100
AcDbXrecord
340
19
  0
XRECORD
  5
130
102
{ACAD_REACTORS
330
124
102
}
330
124
100
AcDbXrecord
 40
0.0
  0
XRECORD
  5
133
102
{ACAD_REACTORS
330
124
102
}
330
124
100
AcDbXrecord
340
0
  0
XRECORD
  5
139
102
{ACAD_REACTORS
330
124
102
}
330
124
100
AcDbXrecord
 10
0.0
 20
0.0
 30
0.0
  0
XRECORD
  5
135
102
{ACAD_REACTORS
330
124
102
}
330
124
100
AcDbXrecord
 10
0.0
 20
0.0
 30
0.0
  0
XRECORD
  5
138
102
{ACAD_REACTORS
330
124
102
}
330
124
100
AcDbXrecord
 10
0.0
 20
0.0
 30
0.0
  0
XRECORD
  5
136
102
{ACAD_REACTORS
330
124
102
}
330
124
100
AcDbXrecord
 10
0.0
 20
0.0
 30
0.0
  0
XRECORD
  5
137
102
{ACAD_REACTORS
330
124
102
}
330
124
100
AcDbXrecord
 10
0.0
 20
0.0
 30
0.0
  0
XRECORD
  5
134
102
{ACAD_REACTORS
330
124
102
}
330
124
100
AcDbXrecord
 10
0.0
 20
0.0
 30
0.0
  0
XRECORD
  5
131
102
{ACAD_REACTORS
330
124
102
}
330
124
100
AcDbXrecord
340
0
  0
XRECORD
  5
132
102
{ACAD_REACTORS
330
124
102
}
330
124
100
AcDbXrecord
 70
     0
  0
XRECORD
  5
128
102
{ACAD_REACTORS
330
124
102
}
330
124
100
AcDbXrecord
  1

  0
XRECORD
  5
125
102
{ACAD_REACTORS
330
124
102
}
330
124
100
AcDbXrecord
 90
        1
  0
XRECORD
  5
126
102
{ACAD_REACTORS
330
124
102
}
330
124
100
AcDbXrecord
 90
       70
  0
XRECORD
  5
13C
102
{ACAD_REACTORS
330
124
102
}
330
124
100
AcDbXrecord
340
0
  0
XRECORD
  5
142
102
{ACAD_REACTORS
330
124
102
}
330
124
100
AcDbXrecord
 10
0.0
 20
0.0
 30
0.0
  0
XRECORD
  5
13E
102
{ACAD_REACTORS
330
124
102
}
330
124
100
AcDbXrecord
 10
0.0
 20
0.0
 30
0.0
  0
XRECORD
  5
141
102
{ACAD_REACTORS
330
124
102
}
330
124
100
AcDbXrecord
 10
0.0
 20
0.0
 30
0.0
  0
XRECORD
  5
13F
102
{ACAD_REACTORS
330
124
102
}
330
124
100
AcDbXrecord
 10
0.0
 20
0.0
 30
0.0
  0
XRECORD
  5
140
102
{ACAD_REACTORS
330
124
102
}
330
124
100
AcDbXrecord
 10
0.0
 20
0.0
 30
0.0
  0
XRECORD
  5
13D
102
{ACAD_REACTORS
330
124
102
}
330
124
100
AcDbXrecord
 10
0.0
 20
0.0
 30
0.0
  0
XRECORD
  5
13A
102
{ACAD_REACTORS
330
124
102
}
330
124
100
AcDbXrecord
340
0
  0
XRECORD
  5
13B
102
{ACAD_REACTORS
330
124
102
}
330
124
100
AcDbXrecord
 70
     0
  0
XRECORD
  5
12F
102
{ACAD_REACTORS
330
124
102
}
330
124
100
AcDbXrecord
  1
{FAEB1C32-E019-11D5-929B-00C0DF256EC4}
  0
DICTIONARYVAR
  5
145
102
{ACAD_REACTORS
330
144
102
}
330
144
100
DictionaryVariables
280
     0
  1
1:1
  0
ENDSEC
  0
EOF
