  0
SECTION
  2
HEADER
  9
$ACADVER
  1
AC1014
  9
$ACADMAINTVER
 70
     9
  9
$DWGCODEPAGE
  3
ANSI_1252
  9
$INSBASE
 10
0.0
 20
0.0
 30
0.0
  9
$EXTMIN
 10
1.000000000000000E+20
 20
1.000000000000000E+20
 30
1.000000000000000E+20
  9
$EXTMAX
 10
-1.000000000000000E+20
 20
-1.000000000000000E+20
 30
-1.000000000000000E+20
  9
$LIMMIN
 10
0.0
 20
0.0
  9
$LIMMAX
 10
12.0
 20
9.0
  9
$ORTHOMODE
 70
     0
  9
$REGENMODE
 70
     1
  9
$FILLMODE
 70
     1
  9
$QTEXTMODE
 70
     0
  9
$MIRRTEXT
 70
     1
  9
$DRAGMODE
 70
     2
  9
$LTSCALE
 40
1.0
  9
$OSMODE
 70
    37
  9
$ATTMODE
 70
     1
  9
$TEXTSIZE
 40
0.2
  9
$TRACEWID
 40
0.05
  9
$TEXTSTYLE
  7
STANDARD
  9
$CLAYER
  8
0
  9
$CELTYPE
  6
BYLAYER
  9
$CECOLOR
 62
   256
  9
$CELTSCALE
 40
1.0
  9
$DELOBJ
 70
     1
  9
$DISPSILH
 70
     0
  9
$DIMSCALE
 40
1.0
  9
$DIMASZ
 40
0.18
  9
$DIMEXO
 40
0.0625
  9
$DIMDLI
 40
0.38
  9
$DIMRND
 40
0.0
  9
$DIMDLE
 40
0.0
  9
$DIMEXE
 40
0.18
  9
$DIMTP
 40
0.0
  9
$DIMTM
 40
0.0
  9
$DIMTXT
 40
0.18
  9
$DIMCEN
 40
0.09
  9
$DIMTSZ
 40
0.0
  9
$DIMTOL
 70
     0
  9
$DIMLIM
 70
     0
  9
$DIMTIH
 70
     1
  9
$DIMTOH
 70
     1
  9
$DIMSE1
 70
     0
  9
$DIMSE2
 70
     0
  9
$DIMTAD
 70
     0
  9
$DIMZIN
 70
     0
  9
$DIMBLK
  1

  9
$DIMASO
 70
     1
  9
$DIMSHO
 70
     1
  9
$DIMPOST
  1

  9
$DIMAPOST
  1

  9
$DIMALT
 70
     0
  9
$DIMALTD
 70
     2
  9
$DIMALTF
 40
25.4
  9
$DIMLFAC
 40
1.0
  9
$DIMTOFL
 70
     0
  9
$DIMTVP
 40
0.0
  9
$DIMTIX
 70
     0
  9
$DIMSOXD
 70
     0
  9
$DIMSAH
 70
     0
  9
$DIMBLK1
  1

  9
$DIMBLK2
  1

  9
$DIMSTYLE
  2
STANDARD
  9
$DIMCLRD
 70
     0
  9
$DIMCLRE
 70
     0
  9
$DIMCLRT
 70
     0
  9
$DIMTFAC
 40
1.0
  9
$DIMGAP
 40
0.09
  9
$DIMJUST
 70
     0
  9
$DIMSD1
 70
     0
  9
$DIMSD2
 70
     0
  9
$DIMTOLJ
 70
     1
  9
$DIMTZIN
 70
     0
  9
$DIMALTZ
 70
     0
  9
$DIMALTTZ
 70
     0
  9
$DIMFIT
 70
     3
  9
$DIMUPT
 70
     0
  9
$DIMUNIT
 70
     2
  9
$DIMDEC
 70
     4
  9
$DIMTDEC
 70
     4
  9
$DIMALTU
 70
     2
  9
$DIMALTTD
 70
     2
  9
$DIMTXSTY
  7
STANDARD
  9
$DIMAUNIT
 70
     0
  9
$LUNITS
 70
     2
  9
$LUPREC
 70
     4
  9
$SKETCHINC
 40
0.1
  9
$FILLETRAD
 40
0.5
  9
$AUNITS
 70
     0
  9
$AUPREC
 70
     0
  9
$MENU
  1
.
  9
$ELEVATION
 40
0.0
  9
$PELEVATION
 40
0.0
  9
$THICKNESS
 40
0.0
  9
$LIMCHECK
 70
     0
  9
$CHAMFERA
 40
0.5
  9
$CHAMFERB
 40
0.5
  9
$CHAMFERC
 40
1.0
  9
$CHAMFERD
 40
0.0
  9
$SKPOLY
 70
     0
  9
$TDCREATE
 40
2454439.513781157
  9
$TDUPDATE
 40
2454439.513781169
  9
$TDINDWG
 40
0.0000000116
  9
$TDUSRTIMER
 40
0.0000000116
  9
$USRTIMER
 70
     1
  9
$ANGBASE
 50
0.0
  9
$ANGDIR
 70
     0
  9
$PDMODE
 70
     0
  9
$PDSIZE
 40
0.0
  9
$PLINEWID
 40
0.0
  9
$COORDS
 70
     1
  9
$SPLFRAME
 70
     0
  9
$SPLINETYPE
 70
     6
  9
$SPLINESEGS
 70
     8
  9
$ATTDIA
 70
     0
  9
$ATTREQ
 70
     1
  9
$HANDLING
 70
     1
  9
$HANDSEED
  5
1B3
  9
$SURFTAB1
 70
     6
  9
$SURFTAB2
 70
     6
  9
$SURFTYPE
 70
     6
  9
$SURFU
 70
     6
  9
$SURFV
 70
     6
  9
$UCSNAME
  2

  9
$UCSORG
 10
0.0
 20
0.0
 30
0.0
  9
$UCSXDIR
 10
1.0
 20
0.0
 30
0.0
  9
$UCSYDIR
 10
0.0
 20
1.0
 30
0.0
  9
$PUCSNAME
  2

  9
$PUCSORG
 10
0.0
 20
0.0
 30
0.0
  9
$PUCSXDIR
 10
1.0
 20
0.0
 30
0.0
  9
$PUCSYDIR
 10
0.0
 20
1.0
 30
0.0
  9
$USERI1
 70
     0
  9
$USERI2
 70
     0
  9
$USERI3
 70
     0
  9
$USERI4
 70
     0
  9
$USERI5
 70
     0
  9
$USERR1
 40
0.0
  9
$USERR2
 40
0.0
  9
$USERR3
 40
0.0
  9
$USERR4
 40
0.0
  9
$USERR5
 40
0.0
  9
$WORLDVIEW
 70
     1
  9
$SHADEDGE
 70
     3
  9
$SHADEDIF
 70
    70
  9
$TILEMODE
 70
     1
  9
$MAXACTVP
 70
    64
  9
$PINSBASE
 10
0.0
 20
0.0
 30
0.0
  9
$PLIMCHECK
 70
     0
  9
$PEXTMIN
 10
1.000000000000000E+20
 20
1.000000000000000E+20
 30
1.000000000000000E+20
  9
$PEXTMAX
 10
-1.000000000000000E+20
 20
-1.000000000000000E+20
 30
-1.000000000000000E+20
  9
$PLIMMIN
 10
0.0
 20
0.0
  9
$PLIMMAX
 10
12.0
 20
9.0
  9
$UNITMODE
 70
     0
  9
$VISRETAIN
 70
     1
  9
$PLINEGEN
 70
     0
  9
$PSLTSCALE
 70
     1
  9
$TREEDEPTH
 70
  3020
  9
$PICKSTYLE
 70
     1
  9
$CMLSTYLE
  2
STANDARD
  9
$CMLJUST
 70
     0
  9
$CMLSCALE
 40
1.0
  9
$PROXYGRAPHICS
 70
     1
  9
$MEASUREMENT
 70
     0
  0
ENDSEC
  0
SECTION
  2
CLASSES
  0
CLASS
  1
ACDBDICTIONARYWDFLT
  2
AcDbDictionaryWithDefault
  3
ObjectDBX Classes
 90
        0
280
     0
281
     0
  0
CLASS
  1
TABLESTYLE
  2
AcDbTableStyle
  3
ObjectDBX Classes
 90
     2047
280
     0
281
     0
  0
CLASS
  1
DICTIONARYVAR
  2
AcDbDictionaryVar
  3
ObjectDBX Classes
 90
        0
280
     0
281
     0
  0
CLASS
  1
XRECORD
  2
AcDbXrecord
  3
AutoCAD 2000
 90
        0
280
     0
281
     0
  0
CLASS
  1
LWPOLYLINE
  2
AcDbPolyline
  3
AutoCAD 2000
 90
        0
280
     0
281
     1
  0
CLASS
  1
HATCH
  2
AcDbHatch
  3
AutoCAD 2000
 90
        0
280
     0
281
     1
  0
CLASS
  1
ACDBPLACEHOLDER
  2
AcDbPlaceHolder
  3
ObjectDBX Classes
 90
        0
280
     0
281
     0
  0
CLASS
  1
LAYOUT
  2
AcDbLayout
  3
ObjectDBX Classes
 90
        0
280
     0
281
     0
  0
ENDSEC
  0
SECTION
  2
TABLES
  0
TABLE
  2
VPORT
  5
8
330
0
100
AcDbSymbolTable
 70
     2
  0
VPORT
  5
29
102
{ACAD_XDICTIONARY
360
1B1
102
}
330
8
100
AcDbSymbolTableRecord
100
AcDbViewportTableRecord
  2
*ACTIVE
 70
     0
 10
0.0
 20
0.0
 11
1.0
 21
1.0
 12
0.0
 22
0.0
 13
0.0
 23
0.0
 14
0.5
 24
0.5
 15
0.5
 25
0.5
 16
0.0
 26
0.0
 36
1.0
 17
0.0
 27
0.0
 37
-1000.0
 40
808.2249316858192
 41
1.38572719060524
 42
50.0
 43
1142.082896613798
 44
1423.819095861311
 50
0.0
 51
0.0
 71
     0
 72
   100
 73
     1
 74
     3
 75
     0
 76
     0
 77
     0
 78
     0
  0
ENDTAB
  0
TABLE
  2
LTYPE
  5
5
330
0
100
AcDbSymbolTable
 70
     1
  0
LTYPE
  5
14
330
5
100
AcDbSymbolTableRecord
100
AcDbLinetypeTableRecord
  2
BYBLOCK
 70
     0
  3

 72
    65
 73
     0
 40
0.0
  0
LTYPE
  5
15
330
5
100
AcDbSymbolTableRecord
100
AcDbLinetypeTableRecord
  2
BYLAYER
 70
     0
  3

 72
    65
 73
     0
 40
0.0
  0
LTYPE
  5
16
330
5
100
AcDbSymbolTableRecord
100
AcDbLinetypeTableRecord
  2
CONTINUOUS
 70
     0
  3
Solid line
 72
    65
 73
     0
 40
0.0
  0
ENDTAB
  0
TABLE
  2
LAYER
  5
2
330
0
100
AcDbSymbolTable
 70
     3
  0
LAYER
  5
10
330
2
100
AcDbSymbolTableRecord
100
AcDbLayerTableRecord
  2
0
 70
     0
 62
     7
  6
CONTINUOUS
  0
LAYER
  5
2E
330
2
100
AcDbSymbolTableRecord
100
AcDbLayerTableRecord
  2
PROFILEEDGES
 70
     0
 62
     7
  6
CONTINUOUS
  0
LAYER
  5
2F
330
2
100
AcDbSymbolTableRecord
100
AcDbLayerTableRecord
  2
SECTIONCUTEDGES
 70
     0
 62
     7
  6
CONTINUOUS
  0
ENDTAB
  0
TABLE
  2
STYLE
  5
3
330
0
100
AcDbSymbolTable
 70
     1
  0
STYLE
  5
11
330
3
100
AcDbSymbolTableRecord
100
AcDbTextStyleTableRecord
  2
STANDARD
 70
     0
 40
0.0
 41
1.0
 50
0.0
 71
     0
 42
0.2
  3
txt
  4

  0
ENDTAB
  0
TABLE
  2
VIEW
  5
6
330
0
100
AcDbSymbolTable
 70
     0
  0
ENDTAB
  0
TABLE
  2
UCS
  5
7
330
0
100
AcDbSymbolTable
 70
     0
  0
ENDTAB
  0
TABLE
  2
APPID
  5
9
330
0
100
AcDbSymbolTable
 70
     1
  0
APPID
  5
12
330
9
100
AcDbSymbolTableRecord
100
AcDbRegAppTableRecord
  2
ACAD
 70
     0
  0
ENDTAB
  0
TABLE
  2
DIMSTYLE
  5
A
330
0
100
AcDbSymbolTable
 70
     1
  0
DIMSTYLE
105
27
330
A
100
AcDbSymbolTableRecord
100
AcDbDimStyleTableRecord
  2
STANDARD
 70
     0
  3

  4

  5

  6

  7

 40
1.0
 41
0.18
 42
0.0625
 43
0.38
 44
0.18
 45
0.0
 46
0.0
 47
0.0
 48
0.0
140
0.18
141
0.09
142
0.0
143
25.4
144
1.0
145
0.0
146
1.0
147
0.09
 71
     0
 72
     0
 73
     1
 74
     1
 75
     0
 76
     0
 77
     0
 78
     0
170
     0
171
     2
172
     0
173
     0
174
     0
175
     0
176
     0
177
     0
178
     0
270
     2
271
     4
272
     4
273
     2
274
     2
340
11
275
     0
280
     0
281
     0
282
     0
283
     1
284
     0
285
     0
286
     0
287
     3
288
     0
  0
ENDTAB
  0
TABLE
  2
BLOCK_RECORD
  5
1
330
0
100
AcDbSymbolTable
 70
     1
  0
BLOCK_RECORD
  5
1F
330
1
100
AcDbSymbolTableRecord
100
AcDbBlockTableRecord
  2
*MODEL_SPACE
  0
BLOCK_RECORD
  5
1B
330
1
100
AcDbSymbolTableRecord
100
AcDbBlockTableRecord
  2
*PAPER_SPACE
  0
ENDTAB
  0
ENDSEC
  0
SECTION
  2
BLOCKS
  0
BLOCK
  5
20
330
1F
100
AcDbEntity
  8
0
100
AcDbBlockBegin
  2
*MODEL_SPACE
 70
     0
 71
     0
 10
0.0
 20
0.0
 30
0.0
  3
*MODEL_SPACE
  1

  0
ENDBLK
  5
21
330
1F
100
AcDbEntity
  8
0
100
AcDbBlockEnd
  0
BLOCK
  5
1C
330
1B
100
AcDbEntity
 67
     1
  8
0
100
AcDbBlockBegin
  2
*PAPER_SPACE
 70
     0
 71
     0
 10
0.0
 20
0.0
 30
0.0
  3
*PAPER_SPACE
  1

  0
ENDBLK
  5
1D
330
1B
100
AcDbEntity
 67
     1
  8
0
100
AcDbBlockEnd
  0
ENDSEC
  0
SECTION
  2
ENTITIES
  0
LINE
  5
30
330
1F
100
AcDbEntity
  8
0
100
AcDbLine
 10
-290.1384067482542
 20
73.35220164828276
 30
0.0
 11
-290.1384067482544
 21
201.5373112863908
 31
0.0
  0
LINE
  5
31
330
1F
100
AcDbEntity
  8
0
100
AcDbLine
 10
-443.2703101500773
 20
216.8592406845356
 30
0.0
 11
-443.2703101500775
 21
58.03027225013801
 31
0.0
  0
LINE
  5
32
330
1F
100
AcDbEntity
  8
0
100
AcDbLine
 10
-270.3749879156494
 20
56.3061695335828
 30
0.0
 11
-245.7760071899537
 21
60.99867607118657
 31
0.0
  0
LINE
  5
33
330
1F
100
AcDbEntity
  8
0
100
AcDbLine
 10
-270.3749879156494
 20
56.3061695335828
 30
0.0
 11
-269.2507000281352
 21
50.41244602921084
 31
0.0
  0
LINE
  5
34
330
1F
100
AcDbEntity
  8
0
100
AcDbLine
 10
-269.2507000281352
 20
50.41244602921084
 30
0.0
 11
-288.8964450427083
 21
46.66481973749641
 31
0.0
  0
LINE
  5
35
330
1F
100
AcDbEntity
  8
0
100
AcDbLine
 10
-288.8964450427083
 20
46.66481973749641
 30
0.0
 11
-290.0207329302228
 21
52.55854324186822
 31
0.0
  0
LINE
  5
36
330
1F
100
AcDbEntity
  8
0
100
AcDbLine
 10
-316.595161868939
 20
47.4891998036757
 30
0.0
 11
-290.0207329302228
 21
52.55854324186822
 31
0.0
  0
LINE
  5
37
330
1F
100
AcDbEntity
  8
0
100
AcDbLine
 10
-336.5335085436022
 20
45.92001788911877
 30
0.0
 11
-316.595161868939
 21
47.4891998036757
 31
0.0
  0
LINE
  5
38
330
1F
100
AcDbEntity
  8
0
100
AcDbLine
 10
-336.5335085436022
 20
45.92001788911877
 30
0.0
 11
-336.0627539692351
 21
39.93851388672061
 31
0.0
  0
LINE
  5
39
330
1F
100
AcDbEntity
  8
0
100
AcDbLine
 10
-336.0627539692351
 20
39.93851388672061
 30
0.0
 11
-356.0011006438973
 21
38.36933197216329
 31
0.0
  0
LINE
  5
3A
330
1F
100
AcDbEntity
  8
0
100
AcDbLine
 10
-356.0011006438973
 20
38.36933197216329
 30
0.0
 11
-356.4718552182648
 21
44.35083597456206
 31
0.0
  0
LINE
  5
3B
330
1F
100
AcDbEntity
  8
0
100
AcDbLine
 10
-447.1294418858684
 20
37.21592916722074
 30
0.0
 11
-356.4718552182648
 21
44.35083597456206
 31
0.0
  0
LINE
  5
3C
330
1F
100
AcDbEntity
  8
0
100
AcDbLine
 10
-446.6586873115011
 20
31.23442516482195
 30
0.0
 11
-447.1294418858684
 21
37.21592916722074
 31
0.0
  0
LINE
  5
3D
330
1F
100
AcDbEntity
  8
0
100
AcDbLine
 10
-466.5970339861635
 20
29.6652432502652
 30
0.0
 11
-446.6586873115011
 21
31.23442516482195
 31
0.0
  0
LINE
  5
3E
330
1F
100
AcDbEntity
  8
0
100
AcDbLine
 10
-467.0677885605306
 20
35.64674725266328
 30
0.0
 11
-466.5970339861635
 21
29.6652432502652
 31
0.0
  0
LINE
  5
3F
330
1F
100
AcDbEntity
  8
0
100
AcDbLine
 10
-487.0061352351934
 20
34.07756533810733
 30
0.0
 11
-467.0677885605306
 21
35.64674725266328
 31
0.0
  0
LINE
  5
40
330
1F
100
AcDbEntity
  8
0
100
AcDbLine
 10
-487.0061352351927
 20
240.8119475965665
 30
0.0
 11
-487.0061352351934
 21
34.07756533810732
 31
0.0
  0
LINE
  5
41
330
1F
100
AcDbEntity
  8
0
100
AcDbLine
 10
-477.0061352351934
 20
140.4447564673375
 30
0.0
 11
-477.0061352351933
 21
134.4447564673359
 31
0.0
  0
LINE
  5
42
330
1F
100
AcDbEntity
  8
0
100
AcDbLine
 10
-477.0061352351933
 20
134.4447564673359
 30
0.0
 11
-457.0061352351934
 21
134.4447564673361
 31
0.0
  0
LINE
  5
43
330
1F
100
AcDbEntity
  8
0
100
AcDbLine
 10
-457.0061352351934
 20
134.4447564673361
 30
0.0
 11
-457.0061352351932
 21
140.4447564673376
 31
0.0
  0
LINE
  5
44
330
1F
100
AcDbEntity
  8
0
100
AcDbLine
 10
-265.7760071899541
 20
134.4447564673366
 30
0.0
 11
-265.7760071899539
 21
140.4447564673374
 31
0.0
  0
LINE
  5
45
330
1F
100
AcDbEntity
  8
0
100
AcDbLine
 10
-245.776007189954
 20
134.4447564673366
 30
0.0
 11
-265.7760071899541
 21
134.4447564673366
 31
0.0
  0
LINE
  5
46
330
1F
100
AcDbEntity
  8
0
100
AcDbLine
 10
-245.7760071899537
 20
60.99867607118657
 30
0.0
 11
-245.776007189954
 21
134.4447564673366
 31
0.0
  0
LINE
  5
47
330
1F
100
AcDbEntity
  8
0
100
AcDbLine
 10
252.5143680478238
 20
-364.871794416501
 30
0.0
 11
252.5143680478238
 21
-114.5905316081389
 31
0.0
  0
LINE
  5
48
330
1F
100
AcDbEntity
  8
0
100
AcDbLine
 10
311.0143680478238
 20
-364.871794416501
 30
0.0
 11
264.3353485061144
 21
-114.5905316081389
 31
0.0
  0
LINE
  5
49
330
1F
100
AcDbEntity
  8
0
100
AcDbLine
 10
-90.11946410346829
 20
-93.17403518552638
 30
0.0
 11
1.038819445071056
 21
-111.5905316081389
 31
0.0
  0
LINE
  5
4A
330
1F
100
AcDbEntity
  8
0
100
AcDbLine
 10
-274.5044727758143
 20
-39.63742549738561
 30
0.0
 11
-90.11946410346829
 21
-93.17403518552638
 31
0.0
  0
LINE
  5
4B
330
1F
100
AcDbEntity
  8
0
100
AcDbLine
 10
-295.0594991330938
 20
-35.33732184148267
 30
0.0
 11
-274.5044727758143
 21
-39.63742549738561
 31
0.0
  0
LINE
  5
4C
330
1F
100
AcDbEntity
  8
0
100
AcDbLine
 10
-331.0594991330959
 20
-35.33732184148266
 30
0.0
 11
-295.0594991330938
 21
-35.33732184148267
 31
0.0
  0
LINE
  5
4D
330
1F
100
AcDbEntity
  8
0
100
AcDbLine
 10
-370.9625226190847
 20
-32.55367016131894
 30
0.0
 11
-331.0594991330959
 21
-35.33732184148266
 31
0.0
  0
LINE
  5
4E
330
1F
100
AcDbEntity
  8
0
100
AcDbLine
 10
-397.8056196322028
 20
-29.64710126577769
 30
0.0
 11
-370.9625226190847
 21
-32.55367016131894
 31
0.0
  0
LINE
  5
4F
330
1F
100
AcDbEntity
  8
0
100
AcDbLine
 10
-424.3930521660651
 20
-24.94514090256129
 30
0.0
 11
-397.8056196322028
 21
-29.64710126577769
 31
0.0
  0
LINE
  5
50
330
1F
100
AcDbEntity
  8
0
100
AcDbLine
 10
-444.6056268259644
 20
-19.2484905167717
 30
0.0
 11
-424.3930521660651
 21
-24.94514090256129
 31
0.0
  0
LINE
  5
51
330
1F
100
AcDbEntity
  8
0
100
AcDbLine
 10
394.0313825233905
 20
-178.460847802548
 30
0.0
 11
316.4431342915688
 21
-114.5905316081389
 31
0.0
  0
LINE
  5
52
330
1F
100
AcDbEntity
  8
0
100
AcDbLine
 10
1.03881944507106
 20
-111.5905316081389
 30
0.0
 11
218.4696372623305
 21
-351.7984404357162
 31
0.0
  0
LINE
  5
53
330
1F
100
AcDbEntity
  8
0
100
AcDbLine
 10
218.4696372623305
 20
-351.7984404357162
 30
0.0
 11
223.8121623244534
 21
-356.0684174392934
 31
0.0
  0
LINE
  5
54
330
1F
100
AcDbEntity
  8
0
100
AcDbLine
 10
223.8121623244534
 20
-356.0684174392934
 30
0.0
 11
234.441176024525
 21
-361.9976061910476
 31
0.0
  0
LINE
  5
55
330
1F
100
AcDbEntity
  8
0
100
AcDbLine
 10
244.0143680478239
 20
-364.871794416501
 30
0.0
 11
252.5143680478238
 21
-364.871794416501
 31
0.0
  0
LINE
  5
56
330
1F
100
AcDbEntity
  8
0
100
AcDbLine
 10
238.6266404011114
 20
-363.6158410668001
 30
0.0
 11
244.0143680478239
 21
-364.871794416501
 31
0.0
  0
LINE
  5
57
330
1F
100
AcDbEntity
  8
0
100
AcDbLine
 10
234.441176024525
 20
-361.9976061910476
 30
0.0
 11
238.6266404011114
 21
-363.6158410668001
 31
0.0
  0
LINE
  5
58
330
1F
100
AcDbEntity
  8
0
100
AcDbLine
 10
344.0313825233905
 20
-114.5905316081389
 30
0.0
 11
384.0313825233905
 21
-114.590531608139
 31
0.0
  0
LINE
  5
59
330
1F
100
AcDbEntity
  8
0
100
AcDbLine
 10
344.0313825233905
 20
-108.5905316081389
 30
0.0
 11
384.0313825233905
 21
-108.5905316081389
 31
0.0
  0
LINE
  5
5A
330
1F
100
AcDbEntity
  8
0
100
AcDbLine
 10
344.0313825233905
 20
-114.5905316081389
 30
0.0
 11
344.0313825233905
 21
-108.5905316081389
 31
0.0
  0
LINE
  5
5B
330
1F
100
AcDbEntity
  8
0
100
AcDbLine
 10
384.0313825233905
 20
-114.590531608139
 30
0.0
 11
384.0313825233905
 21
-108.5905316081389
 31
0.0
  0
LINE
  5
5C
330
1F
100
AcDbEntity
  8
0
100
AcDbLine
 10
252.5143680478238
 20
-114.5905316081389
 30
0.0
 11
264.3353485061144
 21
-114.5905316081389
 31
0.0
  0
LINE
  5
5D
330
1F
100
AcDbEntity
  8
0
100
AcDbLine
 10
264.3353485061144
 20
-114.5905316081389
 30
0.0
 11
316.4431342915688
 21
-114.5905316081389
 31
0.0
  0
LINE
  5
5E
330
1F
100
AcDbEntity
  8
0
100
AcDbLine
 10
39.69043446960922
 20
-103.4919438254571
 30
0.0
 11
40.16118904397627
 21
-97.51043982305836
 31
0.0
  0
LINE
  5
5F
330
1F
100
AcDbEntity
  8
0
100
AcDbLine
 10
40.16118904397627
 20
-97.51043982305836
 30
0.0
 11
10.25366903198235
 21
-95.15666695122306
 31
0.0
  0
LINE
  5
60
330
1F
100
AcDbEntity
  8
0
100
AcDbLine
 10
10.25366903198235
 20
-95.15666695122306
 30
0.0
 11
9.782914457615313
 21
-101.1381709536218
 31
0.0
  0
LINE
  5
61
330
1F
100
AcDbEntity
  8
0
100
AcDbLine
 10
39.69043446960922
 20
-103.4919438254571
 30
0.0
 11
9.782914457615313
 21
-101.1381709536218
 31
0.0
  0
LINE
  5
62
330
1F
100
AcDbEntity
  8
0
100
AcDbLine
 10
-89.43027901147049
 20
-82.23068592918234
 30
0.0
 11
-88.30599112395623
 21
-76.33696242481021
 31
0.0
  0
LINE
  5
63
330
1F
100
AcDbEntity
  8
0
100
AcDbLine
 10
-89.43027901147049
 20
-82.23068592918234
 30
0.0
 11
-59.96166148960986
 21
-87.85212536675404
 31
0.0
  0
LINE
  5
64
330
1F
100
AcDbEntity
  8
0
100
AcDbLine
 10
-59.96166148960986
 20
-87.85212536675404
 30
0.0
 11
-58.83737360209542
 21
-81.95840186238193
 31
0.0
  0
LINE
  5
65
330
1F
100
AcDbEntity
  8
0
100
AcDbLine
 10
-58.83737360209542
 20
-81.95840186238193
 30
0.0
 11
-88.30599112395623
 21
-76.33696242481021
 31
0.0
  0
LINE
  5
66
330
1F
100
AcDbEntity
  8
0
100
AcDbLine
 10
-295.0594991330938
 20
-8.214063883461078
 30
0.0
 11
-295.059499133094
 21
-2.21406388346163
 31
0.0
  0
LINE
  5
67
330
1F
100
AcDbEntity
  8
0
100
AcDbLine
 10
-167.7301968692668
 20
-8.214063883461026
 30
0.0
 11
-167.7301968692668
 21
-2.214063883461725
 31
0.0
  0
LINE
  5
68
330
1F
100
AcDbEntity
  8
0
100
AcDbLine
 10
252.4985289315171
 20
-85.87208632974493
 30
0.0
 11
252.498528931517
 21
75.44395856282218
 31
0.0
  0
LINE
  5
69
330
1F
100
AcDbEntity
  8
0
100
AcDbLine
 10
252.5143680478238
 20
-114.5905316081389
 30
0.0
 11
252.4985289315171
 21
-85.87208632974493
 31
0.0
  0
LINE
  5
6A
330
1F
100
AcDbEntity
  8
0
100
AcDbLine
 10
-295.0594991330938
 20
-8.214063883461078
 30
0.0
 11
-367.0594991330954
 21
-8.214063883461021
 31
0.0
  0
LINE
  5
6B
330
1F
100
AcDbEntity
  8
0
100
AcDbLine
 10
-367.0594991330954
 20
-8.214063883461021
 30
0.0
 11
-367.0594991330956
 21
-2.214063883461622
 31
0.0
  0
LINE
  5
6C
330
1F
100
AcDbEntity
  8
0
100
AcDbLine
 10
-423.965595025258
 20
-8.214063883461021
 30
0.0
 11
-423.9655950252582
 21
-2.214063883461593
 31
0.0
  0
LINE
  5
6D
330
1F
100
AcDbEntity
  8
0
100
AcDbLine
 10
-423.965595025258
 20
-8.214063883461021
 30
0.0
 11
-482.7520427003482
 21
-8.214063883461074
 31
0.0
  0
LINE
  5
6E
330
1F
100
AcDbEntity
  8
0
100
AcDbLine
 10
252.4985289315171
 20
-85.87208632974493
 30
0.0
 11
209.8292334397961
 21
-85.87208632974493
 31
0.0
  0
LINE
  5
6F
330
1F
100
AcDbEntity
  8
0
100
AcDbLine
 10
135.8292334397962
 20
-2.214063883461715
 30
0.0
 11
135.8292334397962
 21
-8.214063883460982
 31
0.0
  0
LINE
  5
70
330
1F
100
AcDbEntity
  8
0
100
AcDbLine
 10
135.8292334397962
 20
-8.214063883460982
 30
0.0
 11
158.3292334397962
 21
-8.214063883460897
 31
0.0
  0
LINE
  5
71
330
1F
100
AcDbEntity
  8
0
100
AcDbLine
 10
180.8292334397963
 20
-21.2140638834607
 30
0.0
 11
188.8292334397962
 21
-21.21406388346069
 31
0.0
  0
LINE
  5
72
330
1F
100
AcDbEntity
  8
0
100
AcDbLine
 10
188.8292334397962
 20
-21.21406388346069
 30
0.0
 11
188.8292334397962
 21
-19.71406388346058
 31
0.0
  0
LINE
  5
73
330
1F
100
AcDbEntity
  8
0
100
AcDbLine
 10
180.8292334397963
 20
-21.2140638834607
 30
0.0
 11
180.8292334397963
 21
10.78593611653798
 31
0.0
  0
LINE
  5
74
330
1F
100
AcDbEntity
  8
0
100
AcDbLine
 10
188.8292334397962
 20
-19.71406388346058
 30
0.0
 11
209.8292334397961
 21
-19.71406388346058
 31
0.0
  0
LINE
  5
75
330
1F
100
AcDbEntity
  8
0
100
AcDbLine
 10
209.8292334397961
 20
-19.71406388346058
 30
0.0
 11
209.8292334397961
 21
-85.87208632974493
 31
0.0
  0
LINE
  5
76
330
1F
100
AcDbEntity
  8
0
100
AcDbLine
 10
-70.61079171955093
 20
-2.214063883461769
 30
0.0
 11
-70.61079171955089
 21
-8.214063883460936
 31
0.0
  0
LINE
  5
77
330
1F
100
AcDbEntity
  8
0
100
AcDbLine
 10
47.60922086012264
 20
-2.214063883461699
 30
0.0
 11
47.60922086012258
 21
-8.214063883460987
 31
0.0
  0
LINE
  5
78
330
1F
100
AcDbEntity
  8
0
100
AcDbLine
 10
17.60922086012263
 20
-8.214063883460989
 30
0.0
 11
17.60922086012263
 21
-2.214063883461718
 31
0.0
  0
LINE
  5
79
330
1F
100
AcDbEntity
  8
0
100
AcDbLine
 10
158.3292334397962
 20
-2.21406388346181
 30
0.0
 11
158.3292334397962
 21
-8.214063883460897
 31
0.0
  0
LINE
  5
7A
330
1F
100
AcDbEntity
  8
0
100
AcDbLine
 10
-482.7520427003482
 20
-8.214063883461074
 30
0.0
 11
-444.6056268259644
 21
-19.2484905167717
 31
0.0
  0
LINE
  5
7B
330
1F
100
AcDbEntity
  8
0
100
AcDbLine
 10
72.72225739006366
 20
-108.590531608139
 30
0.0
 11
100.01440981524
 21
-108.5905316081389
 31
0.0
  0
LINE
  5
7C
330
1F
100
AcDbEntity
  8
0
100
AcDbLine
 10
180.8292334397962
 20
-108.5905316081389
 30
0.0
 11
220.8292334397962
 21
-108.5905316081389
 31
0.0
  0
LINE
  5
7D
330
1F
100
AcDbEntity
  8
0
100
AcDbLine
 10
-477.0061352351934
 20
140.4447564673375
 30
0.0
 11
-457.0061352351932
 21
140.4447564673376
 31
0.0
  0
LINE
  5
7E
330
1F
100
AcDbEntity
  8
0
100
AcDbLine
 10
-270.3749879156497
 20
218.5833434010912
 30
0.0
 11
-245.7760071899542
 21
213.8908368634873
 31
0.0
  0
LINE
  5
7F
330
1F
100
AcDbEntity
  8
0
100
AcDbLine
 10
-245.7760071899542
 20
213.8908368634873
 30
0.0
 11
-245.776007189954
 21
140.4447564673371
 31
0.0
  0
LINE
  5
80
330
1F
100
AcDbEntity
  8
0
100
AcDbLine
 10
-245.776007189954
 20
140.4447564673371
 30
0.0
 11
-265.7760071899539
 21
140.4447564673374
 31
0.0
  0
LINE
  5
81
330
1F
100
AcDbEntity
  8
0
100
AcDbLine
 10
-487.0061352351927
 20
240.8119475965665
 30
0.0
 11
-467.0677885605309
 21
239.2427656820099
 31
0.0
  0
LINE
  5
82
330
1F
100
AcDbEntity
  8
0
100
AcDbLine
 10
-467.0677885605309
 20
239.2427656820099
 30
0.0
 11
-466.5970339861634
 21
245.2242696844085
 31
0.0
  0
LINE
  5
83
330
1F
100
AcDbEntity
  8
0
100
AcDbLine
 10
-466.5970339861634
 20
245.2242696844085
 30
0.0
 11
-446.6586873115012
 21
243.6550877698519
 31
0.0
  0
LINE
  5
84
330
1F
100
AcDbEntity
  8
0
100
AcDbLine
 10
-446.6586873115012
 20
243.6550877698519
 30
0.0
 11
-447.129441885868
 21
237.6735837674527
 31
0.0
  0
LINE
  5
85
330
1F
100
AcDbEntity
  8
0
100
AcDbLine
 10
-447.129441885868
 20
237.6735837674527
 30
0.0
 11
-356.4718552182645
 21
230.5386769601114
 31
0.0
  0
LINE
  5
86
330
1F
100
AcDbEntity
  8
0
100
AcDbLine
 10
-356.0011006438972
 20
236.5201809625107
 30
0.0
 11
-356.4718552182645
 21
230.5386769601114
 31
0.0
  0
LINE
  5
87
330
1F
100
AcDbEntity
  8
0
100
AcDbLine
 10
-336.062753969235
 20
234.9509990479536
 30
0.0
 11
-356.0011006438972
 21
236.5201809625107
 31
0.0
  0
LINE
  5
88
330
1F
100
AcDbEntity
  8
0
100
AcDbLine
 10
-336.5335085436017
 20
228.9694950455547
 30
0.0
 11
-336.062753969235
 21
234.9509990479536
 31
0.0
  0
LINE
  5
89
330
1F
100
AcDbEntity
  8
0
100
AcDbLine
 10
-336.5335085436017
 20
228.9694950455547
 30
0.0
 11
-316.5951618689397
 21
227.4003131309979
 31
0.0
  0
LINE
  5
8A
330
1F
100
AcDbEntity
  8
0
100
AcDbLine
 10
-316.5951618689397
 20
227.4003131309979
 30
0.0
 11
-290.0207329302228
 21
222.3309696928056
 31
0.0
  0
LINE
  5
8B
330
1F
100
AcDbEntity
  8
0
100
AcDbLine
 10
-288.8964450427088
 20
228.2246931971776
 30
0.0
 11
-290.0207329302228
 21
222.3309696928056
 31
0.0
  0
LINE
  5
8C
330
1F
100
AcDbEntity
  8
0
100
AcDbLine
 10
-269.2507000281348
 20
224.477066905463
 30
0.0
 11
-288.8964450427088
 21
228.2246931971776
 31
0.0
  0
LINE
  5
8D
330
1F
100
AcDbEntity
  8
0
100
AcDbLine
 10
-270.3749879156497
 20
218.5833434010912
 30
0.0
 11
-269.2507000281348
 21
224.477066905463
 31
0.0
  0
LINE
  5
8E
330
1F
100
AcDbEntity
  8
0
100
AcDbLine
 10
8.841769535718372
 20
-229.6123339052486
 30
0.0
 11
10.7363530620918
 21
-223.9193071828813
 31
0.0
  0
LINE
  5
8F
330
1F
100
AcDbEntity
  8
0
100
AcDbLine
 10
8.841769535718372
 20
-229.6123339052486
 30
0.0
 11
62.83642363233073
 21
-247.5812258765157
 31
0.0
  0
LINE
  5
90
330
1F
100
AcDbEntity
  8
0
100
AcDbLine
 10
62.83642363233073
 20
-247.5812258765157
 30
0.0
 11
64.73100715870517
 21
-241.8881991541482
 31
0.0
  0
LINE
  5
91
330
1F
100
AcDbEntity
  8
0
100
AcDbLine
 10
111.3499848767564
 20
-252.1220003182029
 30
0.0
 11
94.21669724889325
 21
-238.3216215168467
 31
0.0
  0
LINE
  5
92
330
1F
100
AcDbEntity
  8
0
100
AcDbLine
 10
118.1679855887524
 20
-257.9969357468881
 30
0.0
 11
111.3499848767564
 21
-252.1220003182029
 31
0.0
  0
LINE
  5
93
330
1F
100
AcDbEntity
  8
0
100
AcDbLine
 10
119.9836160883914
 20
-260.3851329516396
 30
0.0
 11
118.1679855887524
 21
-257.9969357468881
 31
0.0
  0
LINE
  5
94
330
1F
100
AcDbEntity
  8
0
100
AcDbLine
 10
119.8114315453985
 20
-263.3801876227855
 30
0.0
 11
119.9836160883914
 21
-260.3851329516396
 31
0.0
  0
LINE
  5
95
330
1F
100
AcDbEntity
  8
0
100
AcDbLine
 10
119.8114315453985
 20
-263.3801876227855
 30
0.0
 11
118.631430593432
 21
-264.9949934171023
 31
0.0
  0
LINE
  5
96
330
1F
100
AcDbEntity
  8
0
100
AcDbLine
 10
118.631430593432
 20
-264.9949934171023
 30
0.0
 11
116.9070356224906
 21
-266.0081380189195
 31
0.0
  0
LINE
  5
97
330
1F
100
AcDbEntity
  8
0
100
AcDbLine
 10
116.9070356224906
 20
-266.0081380189195
 30
0.0
 11
111.9135428837715
 21
-266.2631483488239
 31
0.0
  0
LINE
  5
98
330
1F
100
AcDbEntity
  8
0
100
AcDbLine
 10
111.9135428837715
 20
-266.2631483488239
 30
0.0
 11
83.95969928640761
 21
-264.6560926142255
 31
0.0
  0
LINE
  5
99
330
1F
100
AcDbEntity
  8
0
100
AcDbLine
 10
83.95969928640761
 20
-264.6560926142255
 30
0.0
 11
61.85806627999124
 21
-261.9987405692841
 31
0.0
  0
LINE
  5
9A
330
1F
100
AcDbEntity
  8
0
100
AcDbLine
 10
61.85806627999124
 20
-261.9987405692841
 30
0.0
 11
36.90485809112993
 21
-257.1808735666436
 31
0.0
  0
LINE
  5
9B
330
1F
100
AcDbEntity
  8
0
100
AcDbLine
 10
36.90485809112993
 20
-257.1808735666436
 30
0.0
 11
2.845530197437029
 21
-248.0547041627822
 31
0.0
  0
LINE
  5
9C
330
1F
100
AcDbEntity
  8
0
100
AcDbLine
 10
2.845530197437029
 20
-248.0547041627822
 30
0.0
 11
-67.03624761911397
 21
-225.7451881581874
 31
0.0
  0
LINE
  5
9D
330
1F
100
AcDbEntity
  8
0
100
AcDbLine
 10
-67.03624761911397
 20
-225.7451881581874
 30
0.0
 11
-77.42909388535031
 21
-222.1411978021552
 31
0.0
  0
LINE
  5
9E
330
1F
100
AcDbEntity
  8
0
100
AcDbLine
 10
-77.42909388535031
 20
-222.1411978021552
 30
0.0
 11
-156.0773399210696
 21
-198.9365992168521
 31
0.0
  0
LINE
  5
9F
330
1F
100
AcDbEntity
  8
0
100
AcDbLine
 10
-156.0773399210696
 20
-198.9365992168521
 30
0.0
 11
-232.275763793536
 21
-178.5192930756998
 31
0.0
  0
LINE
  5
A0
330
1F
100
AcDbEntity
  8
0
100
AcDbLine
 10
-299.7561967593923
 20
-198.1264823546145
 30
0.0
 11
-232.275763793536
 21
-178.5192930756998
 31
0.0
  0
LINE
  5
A1
330
1F
100
AcDbEntity
  8
0
100
AcDbLine
 10
-299.7561967593923
 20
-198.1264823546145
 30
0.0
 11
-300.5326538946993
 21
-201.0242598334813
 31
0.0
  0
LINE
  5
A2
330
1F
100
AcDbEntity
  8
0
100
AcDbLine
 10
-300.5326538946993
 20
-201.0242598334813
 30
0.0
 11
-319.8511704204808
 21
-195.8478789314312
 31
0.0
  0
LINE
  5
A3
330
1F
100
AcDbEntity
  8
0
100
AcDbLine
 10
-319.8511704204808
 20
-195.8478789314312
 30
0.0
 11
-318.2982561498658
 21
-190.052323973697
 31
0.0
  0
LINE
  5
A4
330
1F
100
AcDbEntity
  8
0
100
AcDbLine
 10
-347.1760400844162
 20
-182.3145450892333
 30
0.0
 11
-318.2982561498658
 21
-190.052323973697
 31
0.0
  0
LINE
  5
A5
330
1F
100
AcDbEntity
  8
0
100
AcDbLine
 10
-347.1760400844162
 20
-182.3145450892333
 30
0.0
 11
-345.2690981975376
 21
-175.1977410803219
 31
0.0
  0
LINE
  5
A6
330
1F
100
AcDbEntity
  8
0
100
AcDbLine
 10
-345.2690981975376
 20
-175.1977410803219
 30
0.0
 11
-277.7886652316803
 21
-155.5905518014073
 31
0.0
  0
LINE
  5
A7
330
1F
100
AcDbEntity
  8
0
100
AcDbLine
 10
-180.9106650286529
 20
-168.588671951184
 30
0.0
 11
-179.0160815022769
 21
-162.8956452288169
 31
0.0
  0
LINE
  5
A8
330
1F
100
AcDbEntity
  8
0
100
AcDbLine
 10
-180.9106650286529
 20
-168.588671951184
 30
0.0
 11
-59.47455113269567
 21
-206.8773315887491
 31
0.0
  0
LINE
  5
A9
330
1F
100
AcDbEntity
  8
0
100
AcDbLine
 10
-59.47455113269567
 20
-206.8773315887491
 30
0.0
 11
-57.57996760632096
 21
-201.1843048663816
 31
0.0
  0
LINE
  5
AA
330
1F
100
AcDbEntity
  8
0
100
AcDbLine
 10
-531.9901503819984
 20
-132.7937534851206
 30
0.0
 11
-517.4223861329004
 21
-78.42611715479767
 31
0.0
  0
LINE
  5
AB
330
1F
100
AcDbEntity
  8
0
100
AcDbLine
 10
-517.4223861329004
 20
-78.42611715479767
 30
0.0
 11
-495.6890550413979
 21
-84.24954566960545
 31
0.0
  0
LINE
  5
AC
330
1F
100
AcDbEntity
  8
0
100
AcDbLine
 10
-474.7321810852007
 20
-92.97075166327865
 30
0.0
 11
-488.5234881989915
 21
-144.4406105147338
 31
0.0
  0
LINE
  5
AD
330
1F
100
AcDbEntity
  8
0
100
AcDbLine
 10
-503.0123755933273
 20
-140.5583248381961
 30
0.0
 11
-488.5234881989915
 21
-144.4406105147338
 31
0.0
  0
LINE
  5
AE
330
1F
100
AcDbEntity
  8
0
100
AcDbLine
 10
-504.5652898639432
 20
-146.3538797959307
 30
0.0
 11
-503.0123755933273
 21
-140.5583248381961
 31
0.0
  0
LINE
  5
AF
330
1F
100
AcDbEntity
  8
0
100
AcDbLine
 10
-523.8838063897235
 20
-141.1774988938796
 30
0.0
 11
-504.5652898639432
 21
-146.3538797959307
 31
0.0
  0
LINE
  5
B0
330
1F
100
AcDbEntity
  8
0
100
AcDbLine
 10
-522.3308921191083
 20
-135.3819439361459
 30
0.0
 11
-523.8838063897235
 21
-141.1774988938796
 31
0.0
  0
LINE
  5
B1
330
1F
100
AcDbEntity
  8
0
100
AcDbLine
 10
-531.9901503819984
 20
-132.7937534851206
 30
0.0
 11
-522.3308921191083
 21
-135.3819439361459
 31
0.0
  0
LINE
  5
B2
330
1F
100
AcDbEntity
  8
0
100
AcDbLine
 10
-99.6034985967937
 20
103.0655353155887
 30
0.0
 11
-66.50969252979678
 21
119.6124383490871
 31
0.0
  0
LINE
  5
B3
330
1F
100
AcDbEntity
  8
0
100
AcDbLine
 10
-66.50969252979678
 20
119.6124383490871
 30
0.0
 11
-70.04704339506411
 21
168.4845894052459
 31
0.0
  0
LINE
  5
B4
330
1F
100
AcDbEntity
  8
0
100
AcDbLine
 10
-70.04704339506411
 20
168.4845894052459
 30
0.0
 11
-72.01903726658743
 21
228.9449283826207
 31
0.0
  0
LINE
  5
B5
330
1F
100
AcDbEntity
  8
0
100
AcDbLine
 10
-437.6399457154283
 20
255.9682319372779
 30
0.0
 11
-455.1273206640158
 21
275.3423375307881
 31
0.0
  0
LINE
  5
B6
330
1F
100
AcDbEntity
  8
0
100
AcDbLine
 10
-99.6034985967937
 20
103.0655353155887
 30
0.0
 11
-115.8593137582977
 21
117.7862660423672
 31
0.0
  0
LINE
  5
B7
330
1F
100
AcDbEntity
  8
0
100
AcDbLine
 10
-320.6399457154282
 20
255.9682319372779
 30
0.0
 11
-244.1450624622258
 21
233.9576142024915
 31
0.0
  0
LINE
  5
B8
330
1F
100
AcDbEntity
  8
0
100
AcDbLine
 10
-437.6399457154283
 20
255.9682319372779
 30
0.0
 11
-320.6399457154282
 21
255.9682319372779
 31
0.0
  0
LINE
  5
B9
330
1F
100
AcDbEntity
  8
0
100
AcDbLine
 10
-115.8593137582977
 20
228.9449283826206
 30
0.0
 11
-115.8593137582977
 21
117.7862660423672
 31
0.0
  0
LINE
  5
BA
330
1F
100
AcDbEntity
  8
0
100
AcDbLine
 10
-72.01903726658743
 20
228.9449283826207
 30
0.0
 11
-115.8593137582977
 21
228.9449283826206
 31
0.0
  0
LINE
  5
BB
330
1F
100
AcDbEntity
  8
0
100
AcDbLine
 10
-333.3742684016951
 20
275.3423375307881
 30
0.0
 11
-333.3742684016954
 21
293.3423375307877
 31
0.0
  0
LINE
  5
BC
330
1F
100
AcDbEntity
  8
0
100
AcDbLine
 10
-72.01903726658743
 20
228.9449283826207
 30
0.0
 11
-72.58940916512366
 21
246.4322435445262
 31
0.0
  0
LINE
  5
BD
330
1F
100
AcDbEntity
  8
0
100
AcDbLine
 10
-115.8593137582977
 20
117.7862660423672
 30
0.0
 11
-244.1450624622258
 21
233.9576142024915
 31
0.0
  0
LINE
  5
BE
330
1F
100
AcDbEntity
  8
0
100
AcDbLine
 10
-150.1721193181008
 20
263.3423375307882
 30
0.0
 11
-150.1721193181008
 21
293.3423375307878
 31
0.0
  0
LINE
  5
BF
330
1F
100
AcDbEntity
  8
0
100
AcDbLine
 10
-130.1721193181008
 20
275.3423375307882
 30
0.0
 11
-121.4140269602934
 21
275.3423375307882
 31
0.0
  0
LINE
  5
C0
330
1F
100
AcDbEntity
  8
0
100
AcDbLine
 10
-130.1721193181008
 20
275.3423375307882
 30
0.0
 11
-130.1721193181008
 21
293.3423375307879
 31
0.0
  0
LINE
  5
C1
330
1F
100
AcDbEntity
  8
0
100
AcDbLine
 10
-313.3742684016952
 20
275.3423375307881
 30
0.0
 11
-170.1721193181008
 21
275.3423375307881
 31
0.0
  0
LINE
  5
C2
330
1F
100
AcDbEntity
  8
0
100
AcDbLine
 10
-313.3742684016952
 20
275.3423375307881
 30
0.0
 11
-313.3742684016951
 21
293.342337530788
 31
0.0
  0
LINE
  5
C3
330
1F
100
AcDbEntity
  8
0
100
AcDbLine
 10
-121.4140269602934
 20
275.3423375307882
 30
0.0
 11
-72.58940916512366
 21
246.4322435445262
 31
0.0
  0
LINE
  5
C4
330
1F
100
AcDbEntity
  8
0
100
AcDbLine
 10
-130.1721193181008
 20
293.3423375307879
 30
0.0
 11
-150.1721193181008
 21
293.3423375307878
 31
0.0
  0
LINE
  5
C5
330
1F
100
AcDbEntity
  8
0
100
AcDbLine
 10
-414.1890920262511
 20
275.342337530788
 30
0.0
 11
-333.3742684016951
 21
275.3423375307881
 31
0.0
  0
LINE
  5
C6
330
1F
100
AcDbEntity
  8
0
100
AcDbLine
 10
-313.3742684016951
 20
293.342337530788
 30
0.0
 11
-333.3742684016954
 21
293.3423375307877
 31
0.0
  0
LINE
  5
C7
330
1F
100
AcDbEntity
  8
0
100
AcDbLine
 10
-170.1721193181008
 20
263.3423375307881
 30
0.0
 11
-170.1721193181008
 21
275.3423375307881
 31
0.0
  0
LINE
  5
C8
330
1F
100
AcDbEntity
  8
0
100
AcDbLine
 10
-150.1721193181008
 20
263.3423375307882
 30
0.0
 11
-170.1721193181008
 21
263.3423375307881
 31
0.0
  0
LINE
  5
C9
330
1F
100
AcDbEntity
  8
0
100
AcDbLine
 10
-441.4812444514276
 20
275.3423375307883
 30
0.0
 11
-455.1273206640158
 21
275.3423375307881
 31
0.0
  0
LINE
  5
CA
330
1F
100
AcDbEntity
  8
0
100
AcDbLine
 10
-441.4812444514276
 20
275.3423375307883
 30
0.0
 11
-441.4812444514276
 21
281.3423375307881
 31
0.0
  0
LINE
  5
CB
330
1F
100
AcDbEntity
  8
0
100
AcDbLine
 10
-441.4812444514276
 20
281.3423375307881
 30
0.0
 11
-414.1890920262511
 21
281.342337530788
 31
0.0
  0
LINE
  5
CC
330
1F
100
AcDbEntity
  8
0
100
AcDbLine
 10
-414.1890920262511
 20
275.342337530788
 30
0.0
 11
-414.1890920262511
 21
281.342337530788
 31
0.0
  0
LINE
  5
CD
330
1F
100
AcDbEntity
  8
0
100
AcDbLine
 10
-295.0594991330939
 20
24.90919407456
 30
0.0
 11
-274.5044727758146
 21
29.20929773046297
 31
0.0
  0
LINE
  5
CE
330
1F
100
AcDbEntity
  8
0
100
AcDbLine
 10
-274.5044727758146
 20
29.20929773046297
 30
0.0
 11
-90.11946410346832
 21
82.74590741860369
 31
0.0
  0
LINE
  5
CF
330
1F
100
AcDbEntity
  8
0
100
AcDbLine
 10
-90.11946410346833
 20
82.74590741860369
 30
0.0
 11
1.038819445071056
 21
101.1624038412162
 31
0.0
  0
LINE
  5
D0
330
1F
100
AcDbEntity
  8
0
100
AcDbLine
 10
1.03881944507106
 20
101.1624038412162
 30
0.0
 11
218.4696372623306
 21
341.3703126687935
 31
0.0
  0
LINE
  5
D1
330
1F
100
AcDbEntity
  8
0
100
AcDbLine
 10
218.4696372623306
 20
341.3703126687935
 30
0.0
 11
223.8121623244533
 21
345.6402896723706
 31
0.0
  0
LINE
  5
D2
330
1F
100
AcDbEntity
  8
0
100
AcDbLine
 10
223.8121623244533
 20
345.6402896723706
 30
0.0
 11
234.441176024525
 21
351.5694784241249
 31
0.0
  0
LINE
  5
D3
330
1F
100
AcDbEntity
  8
0
100
AcDbLine
 10
234.441176024525
 20
351.5694784241249
 30
0.0
 11
238.6266404011115
 21
353.1877132998774
 31
0.0
  0
LINE
  5
D4
330
1F
100
AcDbEntity
  8
0
100
AcDbLine
 10
238.6266404011115
 20
353.1877132998774
 30
0.0
 11
244.0143680478239
 21
354.4436666495783
 31
0.0
  0
LINE
  5
D5
330
1F
100
AcDbEntity
  8
0
100
AcDbLine
 10
244.0143680478239
 20
354.4436666495783
 30
0.0
 11
252.5143680478239
 21
354.4436666495783
 31
0.0
  0
LINE
  5
D6
330
1F
100
AcDbEntity
  8
0
100
AcDbLine
 10
252.5143680478239
 20
354.4436666495783
 30
0.0
 11
252.5143680478239
 21
104.1624038412163
 31
0.0
  0
LINE
  5
D7
330
1F
100
AcDbEntity
  8
0
100
AcDbLine
 10
252.5143680478239
 20
104.1624038412162
 30
0.0
 11
252.498528931517
 21
75.44395856282219
 31
0.0
  0
LINE
  5
D8
330
1F
100
AcDbEntity
  8
0
100
AcDbLine
 10
252.498528931517
 20
75.44395856282219
 30
0.0
 11
209.8292334397961
 21
75.44395856282223
 31
0.0
  0
LINE
  5
D9
330
1F
100
AcDbEntity
  8
0
100
AcDbLine
 10
209.8292334397961
 20
9.285936116537878
 30
0.0
 11
209.8292334397961
 21
75.44395856282223
 31
0.0
  0
LINE
  5
DA
330
1F
100
AcDbEntity
  8
0
100
AcDbLine
 10
188.8292334397962
 20
9.285936116537881
 30
0.0
 11
209.8292334397961
 21
9.285936116537878
 31
0.0
  0
LINE
  5
DB
330
1F
100
AcDbEntity
  8
0
100
AcDbLine
 10
188.8292334397962
 20
10.78593611653799
 30
0.0
 11
188.8292334397962
 21
9.285936116537881
 31
0.0
  0
LINE
  5
DC
330
1F
100
AcDbEntity
  8
0
100
AcDbLine
 10
180.8292334397963
 20
10.78593611653798
 30
0.0
 11
188.8292334397962
 21
10.78593611653799
 31
0.0
  0
LINE
  5
DD
330
1F
100
AcDbEntity
  8
0
100
AcDbLine
 10
135.8292334397962
 20
-2.214063883461715
 30
0.0
 11
158.3292334397962
 21
-2.21406388346181
 31
0.0
  0
LINE
  5
DE
330
1F
100
AcDbEntity
  8
0
100
AcDbLine
 10
47.60922086012264
 20
-2.214063883461699
 30
0.0
 11
17.60922086012263
 21
-2.214063883461718
 31
0.0
  0
LINE
  5
DF
330
1F
100
AcDbEntity
  8
0
100
AcDbLine
 10
220.8292334397962
 20
104.1624038412162
 30
0.0
 11
180.8292334397962
 21
104.1624038412162
 31
0.0
  0
LINE
  5
E0
330
1F
100
AcDbEntity
  8
0
100
AcDbLine
 10
100.01440981524
 20
104.1624038412162
 30
0.0
 11
72.72225739006362
 21
104.1624038412162
 31
0.0
  0
LINE
  5
E1
330
1F
100
AcDbEntity
  8
0
100
AcDbLine
 10
-59.96166148960986
 20
77.42399759983135
 30
0.0
 11
-58.83737360209551
 21
71.53027409545926
 31
0.0
  0
LINE
  5
E2
330
1F
100
AcDbEntity
  8
0
100
AcDbLine
 10
-89.43027901147063
 20
71.80255816225969
 30
0.0
 11
-59.96166148960986
 21
77.42399759983135
 31
0.0
  0
LINE
  5
E3
330
1F
100
AcDbEntity
  8
0
100
AcDbLine
 10
-89.43027901147063
 20
71.80255816225969
 30
0.0
 11
-88.30599112395615
 21
65.90883465788757
 31
0.0
  0
LINE
  5
E4
330
1F
100
AcDbEntity
  8
0
100
AcDbLine
 10
-58.83737360209551
 20
71.53027409545926
 30
0.0
 11
-88.30599112395615
 21
65.90883465788757
 31
0.0
  0
LINE
  5
E5
330
1F
100
AcDbEntity
  8
0
100
AcDbLine
 10
10.25366903198242
 20
84.72853918430036
 30
0.0
 11
9.78291445761538
 21
90.71004318669907
 31
0.0
  0
LINE
  5
E6
330
1F
100
AcDbEntity
  8
0
100
AcDbLine
 10
40.16118904397631
 20
87.08231205613569
 30
0.0
 11
10.25366903198242
 21
84.72853918430036
 31
0.0
  0
LINE
  5
E7
330
1F
100
AcDbEntity
  8
0
100
AcDbLine
 10
39.69043446960925
 20
93.06381605853439
 30
0.0
 11
40.16118904397631
 21
87.08231205613569
 31
0.0
  0
LINE
  5
E8
330
1F
100
AcDbEntity
  8
0
100
AcDbLine
 10
39.69043446960925
 20
93.06381605853439
 30
0.0
 11
9.78291445761538
 21
90.71004318669907
 31
0.0
  0
LINE
  5
E9
330
1F
100
AcDbEntity
  8
0
100
AcDbLine
 10
-444.6056268259645
 20
8.820362749849149
 30
0.0
 11
-424.3930521660647
 21
14.51701313563853
 31
0.0
  0
LINE
  5
EA
330
1F
100
AcDbEntity
  8
0
100
AcDbLine
 10
-424.3930521660647
 20
14.51701313563853
 30
0.0
 11
-397.8056196322029
 21
19.21897349885489
 31
0.0
  0
LINE
  5
EB
330
1F
100
AcDbEntity
  8
0
100
AcDbLine
 10
-397.8056196322029
 20
19.21897349885489
 30
0.0
 11
-370.9625226190846
 21
22.12554239439623
 31
0.0
  0
LINE
  5
EC
330
1F
100
AcDbEntity
  8
0
100
AcDbLine
 10
-370.9625226190846
 20
22.12554239439623
 30
0.0
 11
-331.0594991330958
 21
24.90919407455992
 31
0.0
  0
LINE
  5
ED
330
1F
100
AcDbEntity
  8
0
100
AcDbLine
 10
-331.0594991330958
 20
24.90919407455992
 30
0.0
 11
-295.0594991330939
 21
24.90919407456
 31
0.0
  0
LINE
  5
EE
330
1F
100
AcDbEntity
  8
0
100
AcDbLine
 10
-295.059499133094
 20
-2.21406388346163
 30
0.0
 11
-367.0594991330956
 21
-2.214063883461621
 31
0.0
  0
LINE
  5
EF
330
1F
100
AcDbEntity
  8
0
100
AcDbLine
 10
-423.9655950252582
 20
-2.214063883461593
 30
0.0
 11
-482.7520427003482
 21
-2.214063883461613
 31
0.0
  0
LINE
  5
F0
330
1F
100
AcDbEntity
  8
0
100
AcDbLine
 10
-482.7520427003482
 20
-2.214063883461613
 30
0.0
 11
-444.6056268259645
 21
8.820362749849149
 31
0.0
  0
LINE
  5
F1
330
1F
100
AcDbEntity
  8
0
100
AcDbLine
 10
311.0143680478238
 20
354.4436666495783
 30
0.0
 11
264.3353485061145
 21
104.1624038412163
 31
0.0
  0
LINE
  5
F2
330
1F
100
AcDbEntity
  8
0
100
AcDbLine
 10
394.0313825233904
 20
168.0327200356252
 30
0.0
 11
316.4431342915687
 21
104.1624038412162
 31
0.0
  0
LINE
  5
F3
330
1F
100
AcDbEntity
  8
0
100
AcDbLine
 10
344.0313825233905
 20
104.1624038412162
 30
0.0
 11
384.0313825233905
 21
104.1624038412162
 31
0.0
  0
LINE
  5
F4
330
1F
100
AcDbEntity
  8
0
100
AcDbLine
 10
344.0313825233905
 20
98.16240384121622
 30
0.0
 11
384.0313825233906
 21
98.16240384121623
 31
0.0
  0
LINE
  5
F5
330
1F
100
AcDbEntity
  8
0
100
AcDbLine
 10
344.0313825233905
 20
104.1624038412162
 30
0.0
 11
344.0313825233905
 21
98.16240384121622
 31
0.0
  0
LINE
  5
F6
330
1F
100
AcDbEntity
  8
0
100
AcDbLine
 10
384.0313825233905
 20
104.1624038412162
 30
0.0
 11
384.0313825233906
 21
98.16240384121623
 31
0.0
  0
LINE
  5
F7
330
1F
100
AcDbEntity
  8
0
100
AcDbLine
 10
252.5143680478239
 20
104.1624038412162
 30
0.0
 11
264.3353485061145
 21
104.1624038412162
 31
0.0
  0
LINE
  5
F8
330
1F
100
AcDbEntity
  8
0
100
AcDbLine
 10
264.3353485061145
 20
104.1624038412162
 30
0.0
 11
316.4431342915687
 21
104.1624038412162
 31
0.0
  0
LINE
  5
F9
330
1F
100
AcDbEntity
  8
0
100
AcDbLine
 10
394.0313825233904
 20
168.0327200356252
 30
0.0
 11
394.0313825233905
 21
85.18086267703116
 31
0.0
  0
LINE
  5
FA
330
1F
100
AcDbEntity
  8
0
100
AcDbLine
 10
394.0313825233905
 20
85.18086267703116
 30
0.0
 11
366.0804126119183
 21
83.52457737311292
 31
0.0
  0
LINE
  5
FB
330
1F
100
AcDbEntity
  8
0
100
AcDbLine
 10
366.0804126119182
 20
17.52985984616257
 30
0.0
 11
366.0804126119183
 21
83.52457737311292
 31
0.0
  0
LINE
  5
FC
330
1F
100
AcDbEntity
  8
0
100
AcDbLine
 10
416.1790204546488
 20
-16.45385137311807
 30
0.0
 11
416.1790204546487
 21
-5.214063883461261
 31
0.0
  0
LINE
  5
FD
330
1F
100
AcDbEntity
  8
0
100
AcDbLine
 10
411.2780172980125
 20
-26.30170230916709
 30
0.0
 11
416.1790204546488
 21
-16.45385137311807
 31
0.0
  0
LINE
  5
FE
330
1F
100
AcDbEntity
  8
0
100
AcDbLine
 10
439.2289872094849
 20
-27.95798761308529
 30
0.0
 11
411.2780172980125
 21
-26.30170230916709
 31
0.0
  0
LINE
  5
FF
330
1F
100
AcDbEntity
  8
0
100
AcDbLine
 10
439.2289872094847
 20
-93.95270514003572
 30
0.0
 11
439.2289872094849
 21
-27.95798761308529
 31
0.0
  0
LINE
  5
100
330
1F
100
AcDbEntity
  8
0
100
AcDbLine
 10
439.2289872094847
 20
-93.95270514003572
 30
0.0
 11
421.0776786653652
 21
-95.02829377555453
 31
0.0
  0
LINE
  5
101
330
1F
100
AcDbEntity
  8
0
100
AcDbLine
 10
438.0388194450709
 20
-111.5905316081389
 30
0.0
 11
438.038819445071
 21
-106.5905316081389
 31
0.0
  0
LINE
  5
102
330
1F
100
AcDbEntity
  8
0
100
AcDbLine
 10
438.0388194450709
 20
-111.5905316081389
 30
0.0
 11
470.8004039487277
 21
-115.7268432245211
 31
0.0
  0
LINE
  5
103
330
1F
100
AcDbEntity
  8
0
100
AcDbLine
 10
470.8004039487277
 20
-115.7268432245211
 30
0.0
 11
531.9901503819984
 21
-234.9401601460465
 31
0.0
  0
LINE
  5
104
330
1F
100
AcDbEntity
  8
0
100
AcDbLine
 10
531.9901503819984
 20
-234.9401601460465
 30
0.0
 11
494.5057190501129
 21
-245.7066548274721
 31
0.0
  0
LINE
  5
105
330
1F
100
AcDbEntity
  8
0
100
AcDbLine
 10
494.5057190501129
 20
-245.7066548274721
 30
0.0
 11
485.4820714893647
 21
-246.9903441460194
 31
0.0
  0
LINE
  5
106
330
1F
100
AcDbEntity
  8
0
100
AcDbLine
 10
485.4820714893647
 20
-246.9903441460194
 30
0.0
 11
475.2639644389061
 21
-245.331163996957
 31
0.0
  0
LINE
  5
107
330
1F
100
AcDbEntity
  8
0
100
AcDbLine
 10
475.2639644389061
 20
-245.331163996957
 30
0.0
 11
394.0313825233905
 21
-178.460847802548
 31
0.0
  0
LINE
  5
108
330
1F
100
AcDbEntity
  8
0
100
AcDbLine
 10
394.0313825233905
 20
-178.460847802548
 30
0.0
 11
394.0313825233905
 21
-95.60899044395389
 31
0.0
  0
LINE
  5
109
330
1F
100
AcDbEntity
  8
0
100
AcDbLine
 10
394.0313825233905
 20
-95.60899044395389
 30
0.0
 11
366.0804126119183
 21
-93.95270514003562
 31
0.0
  0
LINE
  5
10A
330
1F
100
AcDbEntity
  8
0
100
AcDbLine
 10
366.0804126119182
 20
-27.95798761308528
 30
0.0
 11
366.0804126119183
 21
-93.95270514003562
 31
0.0
  0
LINE
  5
10B
330
1F
100
AcDbEntity
  8
0
100
AcDbLine
 10
475.2639644389062
 20
234.9030362300342
 30
0.0
 11
394.0313825233904
 21
168.0327200356252
 31
0.0
  0
LINE
  5
10C
330
1F
100
AcDbEntity
  8
0
100
AcDbLine
 10
485.4820714893647
 20
236.5622163790965
 30
0.0
 11
475.2639644389062
 21
234.9030362300342
 31
0.0
  0
LINE
  5
10D
330
1F
100
AcDbEntity
  8
0
100
AcDbLine
 10
494.5057190501129
 20
235.2785270605493
 30
0.0
 11
485.4820714893647
 21
236.5622163790965
 31
0.0
  0
LINE
  5
10E
330
1F
100
AcDbEntity
  8
0
100
AcDbLine
 10
531.9901503819984
 20
224.5120323791236
 30
0.0
 11
494.5057190501129
 21
235.2785270605493
 31
0.0
  0
LINE
  5
10F
330
1F
100
AcDbEntity
  8
0
100
AcDbLine
 10
470.8004039487278
 20
105.2987154575985
 30
0.0
 11
531.9901503819984
 21
224.5120323791236
 31
0.0
  0
LINE
  5
110
330
1F
100
AcDbEntity
  8
0
100
AcDbLine
 10
438.0388194450711
 20
101.1624038412162
 30
0.0
 11
470.8004039487278
 21
105.2987154575985
 31
0.0
  0
LINE
  5
111
330
1F
100
AcDbEntity
  8
0
100
AcDbLine
 10
438.0388194450711
 20
101.1624038412162
 30
0.0
 11
438.0388194450709
 21
96.1624038412162
 31
0.0
  0
LINE
  5
112
330
1F
100
AcDbEntity
  8
0
100
AcDbLine
 10
439.2289872094848
 20
83.52457737311292
 30
0.0
 11
421.0776786653651
 21
84.6001660086319
 31
0.0
  0
LINE
  5
113
330
1F
100
AcDbEntity
  8
0
100
AcDbLine
 10
439.2289872094848
 20
83.52457737311292
 30
0.0
 11
439.2289872094848
 21
17.52985984616254
 31
0.0
  0
LINE
  5
114
330
1F
100
AcDbEntity
  8
0
100
AcDbLine
 10
439.2289872094848
 20
17.52985984616253
 30
0.0
 11
411.2780172980126
 21
15.8735745422444
 31
0.0
  0
LINE
  5
115
330
1F
100
AcDbEntity
  8
0
100
AcDbLine
 10
411.2780172980126
 20
15.8735745422444
 30
0.0
 11
416.1790204546487
 21
6.025723606195358
 31
0.0
  0
LINE
  5
116
330
1F
100
AcDbEntity
  8
0
100
AcDbLine
 10
416.1790204546487
 20
6.025723606195358
 30
0.0
 11
416.1790204546487
 21
-5.214063883461259
 31
0.0
  0
LINE
  5
117
330
1F
100
AcDbEntity
  8
0
100
AcDbLine
 10
416.1790204546487
 20
-5.21406388346126
 30
0.0
 11
394.0313825233905
 21
-5.214063883460805
 31
0.0
  0
LINE
  5
118
330
1F
100
AcDbEntity
  8
0
100
AcDbLine
 10
-86.98148669642721
 20
314.5862755385203
 30
0.0
 11
-106.9814866964273
 21
314.5862755385203
 31
0.0
  0
LINE
  5
119
330
1F
100
AcDbEntity
  8
0
100
AcDbLine
 10
76.22066238716712
 20
284.5862755385205
 30
0.0
 11
56.22066238716715
 21
284.5862755385204
 31
0.0
  0
LINE
  5
11A
330
1F
100
AcDbEntity
  8
0
100
AcDbLine
 10
96.22066238716718
 20
302.5862755385203
 30
0.0
 11
96.22066238716714
 21
314.5862755385205
 31
0.0
  0
LINE
  5
11B
330
1F
100
AcDbEntity
  8
0
100
AcDbLine
 10
-66.98148669642725
 20
296.5862755385202
 30
0.0
 11
-66.98148669642725
 21
302.5862755385203
 31
0.0
  0
LINE
  5
11C
330
1F
100
AcDbEntity
  8
0
100
AcDbLine
 10
104.9772885284437
 20
302.5862755385204
 30
0.0
 11
148.1887154979199
 21
331.5230041661589
 31
0.0
  0
LINE
  5
11D
330
1F
100
AcDbEntity
  8
0
100
AcDbLine
 10
-86.98148669642725
 20
296.5862755385202
 30
0.0
 11
-66.98148669642725
 21
296.5862755385202
 31
0.0
  0
LINE
  5
11E
330
1F
100
AcDbEntity
  8
0
100
AcDbLine
 10
-86.98148669642725
 20
296.5862755385202
 30
0.0
 11
-86.98148669642721
 21
314.5862755385203
 31
0.0
  0
LINE
  5
11F
330
1F
100
AcDbEntity
  8
0
100
AcDbLine
 10
-66.98148669642725
 20
302.5862755385203
 30
0.0
 11
56.22066238716712
 21
302.5862755385203
 31
0.0
  0
LINE
  5
120
330
1F
100
AcDbEntity
  8
0
100
AcDbLine
 10
76.22066238716712
 20
284.5862755385205
 30
0.0
 11
76.22066238716708
 21
314.5862755385205
 31
0.0
  0
LINE
  5
121
330
1F
100
AcDbEntity
  8
0
100
AcDbLine
 10
96.22066238716714
 20
314.5862755385205
 30
0.0
 11
76.22066238716708
 21
314.5862755385205
 31
0.0
  0
LINE
  5
122
330
1F
100
AcDbEntity
  8
0
100
AcDbLine
 10
96.22066238716718
 20
302.5862755385203
 30
0.0
 11
104.9772885284437
 21
302.5862755385204
 31
0.0
  0
LINE
  5
123
330
1F
100
AcDbEntity
  8
0
100
AcDbLine
 10
148.1887154979199
 20
331.5230041661589
 30
0.0
 11
150.2280993088477
 21
333.5623879770868
 31
0.0
  0
LINE
  5
124
330
1F
100
AcDbEntity
  8
0
100
AcDbLine
 10
150.2280993088477
 20
333.5623879770868
 30
0.0
 11
150.2280993088476
 21
348.4812785177508
 31
0.0
  0
LINE
  5
125
330
1F
100
AcDbEntity
  8
0
100
AcDbLine
 10
150.2280993088476
 20
348.4812785177508
 30
0.0
 11
147.3729701397739
 21
352.4258926355814
 31
0.0
  0
LINE
  5
126
330
1F
100
AcDbEntity
  8
0
100
AcDbLine
 10
141.4375036510768
 20
354.3780208019934
 30
0.0
 11
147.3729701397739
 21
352.4258926355814
 31
0.0
  0
LINE
  5
127
330
1F
100
AcDbEntity
  8
0
100
AcDbLine
 10
123.7280993088476
 20
355.6304444830174
 30
0.0
 11
141.4375036510768
 21
354.3780208019934
 31
0.0
  0
LINE
  5
128
330
1F
100
AcDbEntity
  8
0
100
AcDbLine
 10
123.7280993088476
 20
355.6304444830174
 30
0.0
 11
97.22809930884756
 21
355.6304444830174
 31
0.0
  0
LINE
  5
129
330
1F
100
AcDbEntity
  8
0
100
AcDbLine
 10
97.22809930884756
 20
355.6304444830174
 30
0.0
 11
-13.61294956444803
 21
361.5686163117608
 31
0.0
  0
LINE
  5
12A
330
1F
100
AcDbEntity
  8
0
100
AcDbLine
 10
-13.61294956444802
 20
361.5686163117608
 30
0.0
 11
-106.9814866964274
 21
364.871794416501
 31
0.0
  0
LINE
  5
12B
330
1F
100
AcDbEntity
  8
0
100
AcDbLine
 10
-378.9901712410618
 20
302.5862755385204
 30
0.0
 11
-444.6597327559398
 21
302.5862755385204
 31
0.0
  0
LINE
  5
12C
330
1F
100
AcDbEntity
  8
0
100
AcDbLine
 10
-378.9901712410618
 20
302.5862755385204
 30
0.0
 11
-378.9901712410618
 21
296.5862755385204
 31
0.0
  0
LINE
  5
12D
330
1F
100
AcDbEntity
  8
0
100
AcDbLine
 10
-378.9901712410618
 20
296.5862755385204
 30
0.0
 11
-348.9901712410618
 21
296.5862755385203
 31
0.0
  0
LINE
  5
12E
330
1F
100
AcDbEntity
  8
0
100
AcDbLine
 10
-348.9901712410618
 20
302.5862755385204
 30
0.0
 11
-348.9901712410618
 21
296.5862755385203
 31
0.0
  0
LINE
  5
12F
330
1F
100
AcDbEntity
  8
0
100
AcDbLine
 10
-278.3206097261838
 20
302.5862755385204
 30
0.0
 11
-348.9901712410618
 21
302.5862755385204
 31
0.0
  0
LINE
  5
130
330
1F
100
AcDbEntity
  8
0
100
AcDbLine
 10
-258.155509736455
 20
364.8717944165007
 30
0.0
 11
-305.5393326953521
 21
364.8717944165007
 31
0.0
  0
LINE
  5
131
330
1F
100
AcDbEntity
  8
0
100
AcDbLine
 10
-305.539332695352
 20
358.871794416501
 30
0.0
 11
-325.539332695352
 21
358.8717944165011
 31
0.0
  0
LINE
  5
132
330
1F
100
AcDbEntity
  8
0
100
AcDbLine
 10
-325.5393326953519
 20
364.8717944165007
 30
0.0
 11
-344.9670520886961
 21
364.8717944165006
 31
0.0
  0
LINE
  5
133
330
1F
100
AcDbEntity
  8
0
100
AcDbLine
 10
-344.9670520886961
 20
364.8717944165006
 30
0.0
 11
-439.6597327559396
 21
308.5356426271279
 31
0.0
  0
LINE
  5
134
330
1F
100
AcDbEntity
  8
0
100
AcDbLine
 10
-439.6597327559396
 20
308.5356426271279
 30
0.0
 11
-444.6597327559398
 21
302.5862755385204
 31
0.0
  0
LINE
  5
135
330
1F
100
AcDbEntity
  8
0
100
AcDbLine
 10
-106.9814866964273
 20
302.5862755385204
 30
0.0
 11
-248.3206097261836
 21
302.5862755385202
 31
0.0
  0
LINE
  5
136
330
1F
100
AcDbEntity
  8
0
100
AcDbLine
 10
-106.9814866964273
 20
302.5862755385204
 30
0.0
 11
-106.9814866964273
 21
314.5862755385203
 31
0.0
  0
LINE
  5
137
330
1F
100
AcDbEntity
  8
0
100
AcDbLine
 10
-127.2175918169012
 20
364.8717944165007
 30
0.0
 11
-106.9814866964274
 21
364.871794416501
 31
0.0
  0
LINE
  5
138
330
1F
100
AcDbEntity
  8
0
100
AcDbLine
 10
-238.1555097364549
 20
364.8717944165006
 30
0.0
 11
-147.2175918169012
 21
364.8717944165007
 31
0.0
  0
LINE
  5
139
330
1F
100
AcDbEntity
  8
0
100
AcDbLine
 10
-278.3206097261838
 20
302.5862755385204
 30
0.0
 11
-278.3206097261835
 21
296.5862755385205
 31
0.0
  0
LINE
  5
13A
330
1F
100
AcDbEntity
  8
0
100
AcDbLine
 10
-278.3206097261835
 20
296.5862755385205
 30
0.0
 11
-248.3206097261838
 21
296.5862755385202
 31
0.0
  0
LINE
  5
13B
330
1F
100
AcDbEntity
  8
0
100
AcDbLine
 10
-248.3206097261836
 20
302.5862755385202
 30
0.0
 11
-248.3206097261838
 21
296.5862755385202
 31
0.0
  0
LINE
  5
13C
330
1F
100
AcDbEntity
  8
0
100
AcDbLine
 10
-127.217591816901
 20
358.871794416501
 30
0.0
 11
-147.217591816901
 21
358.8717944165011
 31
0.0
  0
LINE
  5
13D
330
1F
100
AcDbEntity
  8
0
100
AcDbLine
 10
-167.7301968692668
 20
-2.214063883461725
 30
0.0
 11
-70.61079171955093
 21
-2.214063883461769
 31
0.0
  0
LINE
  5
13E
330
1F
100
AcDbEntity
  8
0
100
AcDbLine
 10
72.72225739006373
 20
98.16240384121618
 30
0.0
 11
100.01440981524
 21
98.16240384121623
 31
0.0
  0
LINE
  5
13F
330
1F
100
AcDbEntity
  8
0
100
AcDbLine
 10
-167.7301968692668
 20
-8.214063883461026
 30
0.0
 11
-70.61079171955089
 21
-8.214063883460936
 31
0.0
  0
LINE
  5
140
330
1F
100
AcDbEntity
  8
0
100
AcDbLine
 10
72.72225739006368
 20
-114.5905316081389
 30
0.0
 11
100.01440981524
 21
-114.590531608139
 31
0.0
  0
LINE
  5
141
330
1F
100
AcDbEntity
  8
0
100
AcDbLine
 10
17.60922086012263
 20
-8.214063883460989
 30
0.0
 11
47.60922086012258
 21
-8.214063883460987
 31
0.0
  0
LINE
  5
142
330
1F
100
AcDbEntity
  8
0
100
AcDbLine
 10
-238.1555097364549
 20
358.871794416501
 30
0.0
 11
-258.1555097364549
 21
358.871794416501
 31
0.0
  0
LINE
  5
143
330
1F
100
AcDbEntity
  8
0
100
AcDbLine
 10
-97.55266713256746
 20
-135.3965626722846
 30
0.0
 11
-84.65979080214686
 21
-114.9664317630229
 31
0.0
  0
LINE
  5
144
330
1F
100
AcDbEntity
  8
0
100
AcDbLine
 10
-97.55266713256746
 20
-135.3965626722846
 30
0.0
 11
-99.63416660742989
 21
-136.1496358143355
 31
0.0
  0
LINE
  5
145
330
1F
100
AcDbEntity
  8
0
100
AcDbLine
 10
-190.6373015593235
 20
-106.6414216323574
 30
0.0
 11
-99.63416660742989
 21
-136.1496358143355
 31
0.0
  0
LINE
  5
146
330
1F
100
AcDbEntity
  8
0
100
AcDbLine
 10
-185.978558747479
 20
-89.25475675915433
 30
0.0
 11
-190.6373015593235
 21
-106.6414216323574
 31
0.0
  0
LINE
  5
147
330
1F
100
AcDbEntity
  8
0
100
AcDbLine
 10
-163.6842590205094
 20
-90.92664519054348
 30
0.0
 11
-185.978558747479
 21
-89.25475675915433
 31
0.0
  0
LINE
  5
148
330
1F
100
AcDbEntity
  8
0
100
AcDbLine
 10
-130.2993268121158
 20
-97.3645253883201
 30
0.0
 11
-163.6842590205094
 21
-90.92664519054348
 31
0.0
  0
LINE
  5
149
330
1F
100
AcDbEntity
  8
0
100
AcDbLine
 10
-117.7422910703569
 20
-100.7291729746534
 30
0.0
 11
-130.2993268121158
 21
-97.3645253883201
 31
0.0
  0
LINE
  5
14A
330
1F
100
AcDbEntity
  8
0
100
AcDbLine
 10
-100.0704373745383
 20
-107.0223385229747
 30
0.0
 11
-117.7422910703569
 21
-100.7291729746534
 31
0.0
  0
LINE
  5
14B
330
1F
100
AcDbEntity
  8
0
100
AcDbLine
 10
-90.37996852259646
 20
-111.3167807871824
 30
0.0
 11
-100.0704373745383
 21
-107.0223385229747
 31
0.0
  0
LINE
  5
14C
330
1F
100
AcDbEntity
  8
0
100
AcDbLine
 10
-85.1487600919927
 20
-114.5319158959262
 30
0.0
 11
-90.37996852259646
 21
-111.3167807871824
 31
0.0
  0
LINE
  5
14D
330
1F
100
AcDbEntity
  8
0
100
AcDbLine
 10
-84.65979080214686
 20
-114.9664317630229
 30
0.0
 11
-85.1487600919927
 21
-114.5319158959262
 31
0.0
  0
LINE
  5
14E
330
1F
100
AcDbEntity
  8
0
100
AcDbLine
 10
-39.10626783440988
 20
-161.6641793322878
 30
0.0
 11
-81.48435264587576
 21
-117.788241419667
 31
0.0
  0
LINE
  5
14F
330
1F
100
AcDbEntity
  8
0
100
AcDbLine
 10
-47.58034256885453
 20
-163.1204111798685
 30
0.0
 11
-39.10626783440988
 21
-161.6641793322878
 31
0.0
  0
LINE
  5
150
330
1F
100
AcDbEntity
  8
0
100
AcDbLine
 10
-88.47081086193155
 20
-143.15512957696
 30
0.0
 11
-47.58034256885453
 21
-163.1204111798685
 31
0.0
  0
LINE
  5
151
330
1F
100
AcDbEntity
  8
0
100
AcDbLine
 10
-93.16135988596692
 20
-137.9590974510868
 30
0.0
 11
-88.47081086193155
 21
-143.15512957696
 31
0.0
  0
LINE
  5
152
330
1F
100
AcDbEntity
  8
0
100
AcDbLine
 10
-92.38490275065881
 20
-135.0613199722189
 30
0.0
 11
-93.16135988596692
 21
-137.9590974510868
 31
0.0
  0
LINE
  5
153
330
1F
100
AcDbEntity
  8
0
100
AcDbLine
 10
-92.38490275065881
 20
-135.0613199722189
 30
0.0
 11
-81.48435264587576
 21
-117.788241419667
 31
0.0
  0
LINE
  5
154
330
1F
100
AcDbEntity
  8
0
100
AcDbLine
 10
10.7363530620918
 20
-223.9193071828813
 30
0.0
 11
64.73100715870517
 21
-241.8881991541482
 31
0.0
  0
LINE
  5
155
330
1F
100
AcDbEntity
  8
0
100
AcDbLine
 10
10.7363530620918
 20
-223.9193071828813
 30
0.0
 11
-9.346599527982052
 21
-217.2358972862383
 31
0.0
  0
LINE
  5
156
330
1F
100
AcDbEntity
  8
0
100
AcDbLine
 10
-12.67156679305026
 20
-209.9044415481812
 30
0.0
 11
-9.346599527982052
 21
-217.2358972862383
 31
0.0
  0
LINE
  5
157
330
1F
100
AcDbEntity
  8
0
100
AcDbLine
 10
-32.03159137893101
 20
-220.4980984238355
 30
0.0
 11
-12.67156679305026
 21
-209.9044415481812
 31
0.0
  0
LINE
  5
158
330
1F
100
AcDbEntity
  8
0
100
AcDbLine
 10
-39.47659235910797
 20
-206.8922771564498
 30
0.0
 11
-32.03159137893101
 21
-220.4980984238355
 31
0.0
  0
LINE
  5
159
330
1F
100
AcDbEntity
  8
0
100
AcDbLine
 10
-57.57996760632096
 20
-201.1843048663816
 30
0.0
 11
-39.47659235910797
 21
-206.8922771564498
 31
0.0
  0
LINE
  5
15A
330
1F
100
AcDbEntity
  8
0
100
AcDbLine
 10
-179.0160815022769
 20
-162.8956452288169
 30
0.0
 11
-57.57996760632096
 21
-201.1843048663816
 31
0.0
  0
LINE
  5
15B
330
1F
100
AcDbEntity
  8
0
100
AcDbLine
 10
-179.0160815022769
 20
-162.8956452288169
 30
0.0
 11
-222.460135092048
 21
-151.2493570363993
 31
0.0
  0
LINE
  5
15C
330
1F
100
AcDbEntity
  8
0
100
AcDbLine
 10
-237.4658532877669
 20
-159.6519011289285
 30
0.0
 11
-222.460135092048
 21
-151.2493570363993
 31
0.0
  0
LINE
  5
15D
330
1F
100
AcDbEntity
  8
0
100
AcDbLine
 10
-237.4658532877669
 20
-159.6519011289285
 30
0.0
 11
-250.5727127310884
 21
-131.2933003959402
 31
0.0
  0
LINE
  5
15E
330
1F
100
AcDbEntity
  8
0
100
AcDbLine
 10
-272.997057798099
 20
-137.7080294093593
 30
0.0
 11
-250.5727127310884
 21
-131.2933003959402
 31
0.0
  0
LINE
  5
15F
330
1F
100
AcDbEntity
  8
0
100
AcDbLine
 10
-272.997057798099
 20
-137.7080294093593
 30
0.0
 11
-358.2110463443528
 21
-114.875009994556
 31
0.0
  0
LINE
  5
160
330
1F
100
AcDbEntity
  8
0
100
AcDbLine
 10
-358.2110463443528
 20
-114.875009994556
 30
0.0
 11
-359.7639606149677
 21
-120.6705649522899
 31
0.0
  0
LINE
  5
161
330
1F
100
AcDbEntity
  8
0
100
AcDbLine
 10
-388.74173540364
 20
-112.9059935992145
 30
0.0
 11
-359.7639606149677
 21
-120.6705649522899
 31
0.0
  0
LINE
  5
162
330
1F
100
AcDbEntity
  8
0
100
AcDbLine
 10
-387.188821133025
 20
-107.1104386414803
 30
0.0
 11
-388.74173540364
 21
-112.9059935992145
 31
0.0
  0
LINE
  5
163
330
1F
100
AcDbEntity
  8
0
100
AcDbLine
 10
-387.188821133025
 20
-107.1104386414803
 30
0.0
 11
-472.4028096792783
 21
-84.27741922667697
 31
0.0
  0
LINE
  5
164
330
1F
100
AcDbEntity
  8
0
100
AcDbLine
 10
-472.4028096792783
 20
-84.27741922667697
 30
0.0
 11
-474.7321810852007
 21
-92.97075166327865
 31
0.0
  0
LINE
  5
165
330
1F
100
AcDbEntity
  8
0
100
AcDbLine
 10
-496.4655121767046
 20
-87.14732314847107
 30
0.0
 11
-474.7321810852007
 21
-92.97075166327865
 31
0.0
  0
LINE
  5
166
330
1F
100
AcDbEntity
  8
0
100
AcDbLine
 10
-495.6890550413979
 20
-84.24954566960545
 30
0.0
 11
-496.4655121767046
 21
-87.14732314847107
 31
0.0
  0
LINE
  5
167
330
1F
100
AcDbEntity
  8
0
100
AcDbLine
 10
-494.1361407707815
 20
-78.45399071186991
 30
0.0
 11
-495.6890550413979
 21
-84.24954566960545
 31
0.0
  0
LINE
  5
168
330
1F
100
AcDbEntity
  8
0
100
AcDbLine
 10
-494.1361407707815
 20
-78.45399071186991
 30
0.0
 11
-515.869471862286
 21
-72.63056219706314
 31
0.0
  0
LINE
  5
169
330
1F
100
AcDbEntity
  8
0
100
AcDbLine
 10
-515.869471862286
 20
-72.63056219706314
 30
0.0
 11
-510.2094246397078
 21
-51.50697838915846
 31
0.0
  0
LINE
  5
16A
330
1F
100
AcDbEntity
  8
0
100
AcDbLine
 10
-351.8469010673487
 20
-73.28474157631369
 30
0.0
 11
-510.2094246397078
 21
-51.50697838915846
 31
0.0
  0
LINE
  5
16B
330
1F
100
AcDbEntity
  8
0
100
AcDbLine
 10
-214.5414551354231
 20
-87.11277532790078
 30
0.0
 11
-351.8469010673487
 21
-73.28474157631369
 31
0.0
  0
LINE
  5
16C
330
1F
100
AcDbEntity
  8
0
100
AcDbLine
 10
-185.978558747479
 20
-89.25475675915433
 30
0.0
 11
-214.5414551354231
 21
-87.11277532790078
 31
0.0
  0
LINE
  5
16D
330
1F
100
AcDbEntity
  8
0
100
AcDbLine
 10
-81.48435264587576
 20
-117.788241419667
 30
0.0
 11
-84.65979080214686
 21
-114.9664317630229
 31
0.0
  0
LINE
  5
16E
330
1F
100
AcDbEntity
  8
0
100
AcDbLine
 10
37.8217605939256
 20
-202.2976438920479
 30
0.0
 11
-39.10626783440987
 21
-161.6641793322878
 31
0.0
  0
LINE
  5
16F
330
1F
100
AcDbEntity
  8
0
100
AcDbLine
 10
68.171974815184
 20
-219.7293534101581
 30
0.0
 11
37.8217605939256
 21
-202.2976438920479
 31
0.0
  0
LINE
  5
170
330
1F
100
AcDbEntity
  8
0
100
AcDbLine
 10
94.21669724889325
 20
-238.3216215168467
 30
0.0
 11
68.171974815184
 21
-219.7293534101581
 31
0.0
  0
LINE
  5
171
330
1F
100
AcDbEntity
  8
0
100
AcDbLine
 10
82.72706329194925
 20
-247.8771103524404
 30
0.0
 11
94.21669724889325
 21
-238.3216215168467
 31
0.0
  0
LINE
  5
172
330
1F
100
AcDbEntity
  8
0
100
AcDbLine
 10
64.73100715870517
 20
-241.8881991541482
 30
0.0
 11
82.72706329194925
 21
-247.8771103524404
 31
0.0
  0
LINE
  5
173
330
1F
100
AcDbEntity
  8
0
100
AcDbLine
 10
180.8292334397962
 20
-114.5905316081389
 30
0.0
 11
220.8292334397962
 21
-114.590531608139
 31
0.0
  0
LINE
  5
174
330
1F
100
AcDbEntity
  8
0
100
AcDbLine
 10
180.8292334397962
 20
98.16240384121622
 30
0.0
 11
220.8292334397962
 21
98.16240384121626
 31
0.0
  0
LINE
  5
175
330
1F
100
AcDbEntity
  8
0
100
AcDbLine
 10
-290.1384067482542
 20
73.35220164828276
 30
0.0
 11
-319.3212653938419
 21
67.7852736317349
 31
0.0
  0
LINE
  5
176
330
1F
100
AcDbEntity
  8
0
100
AcDbLine
 10
-443.2703101500775
 20
58.03027225013801
 30
0.0
 11
-319.3212653938419
 21
67.7852736317349
 31
0.0
  0
LINE
  5
177
330
1F
100
AcDbEntity
  8
0
100
AcDbLine
 10
311.0143680478238
 20
-364.871794416501
 30
0.0
 11
252.5143680478238
 21
-364.871794416501
 31
0.0
  0
LINE
  5
178
330
1F
100
AcDbEntity
  8
0
100
AcDbLine
 10
220.8292334397962
 20
-114.590531608139
 30
0.0
 11
220.8292334397962
 21
-108.5905316081389
 31
0.0
  0
LINE
  5
179
330
1F
100
AcDbEntity
  8
0
100
AcDbLine
 10
180.8292334397962
 20
-114.5905316081389
 30
0.0
 11
180.8292334397962
 21
-108.5905316081389
 31
0.0
  0
LINE
  5
17A
330
1F
100
AcDbEntity
  8
0
100
AcDbLine
 10
72.72225739006366
 20
-108.590531608139
 30
0.0
 11
72.72225739006368
 21
-114.5905316081389
 31
0.0
  0
LINE
  5
17B
330
1F
100
AcDbEntity
  8
0
100
AcDbLine
 10
100.01440981524
 20
-114.590531608139
 30
0.0
 11
100.01440981524
 21
-108.5905316081389
 31
0.0
  0
LINE
  5
17C
330
1F
100
AcDbEntity
  8
0
100
AcDbLine
 10
-319.3212653938424
 20
207.1042393029391
 30
0.0
 11
-443.2703101500773
 21
216.8592406845356
 31
0.0
  0
LINE
  5
17D
330
1F
100
AcDbEntity
  8
0
100
AcDbLine
 10
-319.3212653938424
 20
207.1042393029391
 30
0.0
 11
-290.1384067482544
 21
201.5373112863908
 31
0.0
  0
LINE
  5
17E
330
1F
100
AcDbEntity
  8
0
100
AcDbLine
 10
-277.7886652316803
 20
-155.5905518014073
 30
0.0
 11
-272.997057798099
 21
-137.7080294093593
 31
0.0
  0
LINE
  5
17F
330
1F
100
AcDbEntity
  8
0
100
AcDbLine
 10
220.8292334397962
 20
98.16240384121626
 30
0.0
 11
220.8292334397962
 21
104.1624038412162
 31
0.0
  0
LINE
  5
180
330
1F
100
AcDbEntity
  8
0
100
AcDbLine
 10
180.8292334397962
 20
104.1624038412162
 30
0.0
 11
180.8292334397962
 21
98.16240384121622
 31
0.0
  0
LINE
  5
181
330
1F
100
AcDbEntity
  8
0
100
AcDbLine
 10
100.01440981524
 20
98.16240384121623
 30
0.0
 11
100.01440981524
 21
104.1624038412162
 31
0.0
  0
LINE
  5
182
330
1F
100
AcDbEntity
  8
0
100
AcDbLine
 10
72.72225739006362
 20
104.1624038412162
 30
0.0
 11
72.72225739006373
 21
98.16240384121618
 31
0.0
  0
LINE
  5
183
330
1F
100
AcDbEntity
  8
0
100
AcDbLine
 10
311.0143680478238
 20
354.4436666495783
 30
0.0
 11
252.5143680478239
 21
354.4436666495783
 31
0.0
  0
LINE
  5
184
330
1F
100
AcDbEntity
  8
0
100
AcDbLine
 10
366.0804126119182
 20
17.52985984616257
 30
0.0
 11
394.0313825233905
 21
15.87357454224437
 31
0.0
  0
LINE
  5
185
330
1F
100
AcDbEntity
  8
0
100
AcDbLine
 10
394.0313825233905
 20
-26.3017023091671
 30
0.0
 11
394.0313825233905
 21
-5.214063883460806
 31
0.0
  0
LINE
  5
186
330
1F
100
AcDbEntity
  8
0
100
AcDbLine
 10
421.0776786653652
 20
-95.02829377555453
 30
0.0
 11
438.038819445071
 21
-106.5905316081389
 31
0.0
  0
LINE
  5
187
330
1F
100
AcDbEntity
  8
0
100
AcDbLine
 10
366.0804126119182
 20
-27.95798761308528
 30
0.0
 11
394.0313825233905
 21
-26.3017023091671
 31
0.0
  0
LINE
  5
188
330
1F
100
AcDbEntity
  8
0
100
AcDbLine
 10
394.0313825233905
 20
15.87357454224437
 30
0.0
 11
394.0313825233905
 21
-5.214063883460804
 31
0.0
  0
LINE
  5
189
330
1F
100
AcDbEntity
  8
0
100
AcDbLine
 10
438.0388194450709
 20
96.1624038412162
 30
0.0
 11
421.0776786653651
 21
84.6001660086319
 31
0.0
  0
LINE
  5
18A
330
1F
100
AcDbEntity
  8
0
100
AcDbLine
 10
56.22066238716715
 20
284.5862755385204
 30
0.0
 11
56.22066238716712
 21
302.5862755385203
 31
0.0
  0
LINE
  5
18B
330
1F
100
AcDbEntity
  8
0
100
AcDbLine
 10
-305.5393326953521
 20
364.8717944165007
 30
0.0
 11
-305.539332695352
 21
358.871794416501
 31
0.0
  0
LINE
  5
18C
330
1F
100
AcDbEntity
  8
0
100
AcDbLine
 10
-325.539332695352
 20
358.8717944165011
 30
0.0
 11
-325.5393326953519
 21
364.8717944165007
 31
0.0
  0
LINE
  5
18D
330
1F
100
AcDbEntity
  8
0
100
AcDbLine
 10
-127.2175918169012
 20
364.8717944165007
 30
0.0
 11
-127.217591816901
 21
358.871794416501
 31
0.0
  0
LINE
  5
18E
330
1F
100
AcDbEntity
  8
0
100
AcDbLine
 10
-147.217591816901
 20
358.8717944165011
 30
0.0
 11
-147.2175918169012
 21
364.8717944165007
 31
0.0
  0
LINE
  5
18F
330
1F
100
AcDbEntity
  8
0
100
AcDbLine
 10
-238.1555097364549
 20
364.8717944165006
 30
0.0
 11
-238.1555097364549
 21
358.871794416501
 31
0.0
  0
LINE
  5
190
330
1F
100
AcDbEntity
  8
0
100
AcDbLine
 10
-258.1555097364549
 20
358.871794416501
 30
0.0
 11
-258.155509736455
 21
364.8717944165007
 31
0.0
  0
ENDSEC
  0
SECTION
  2
OBJECTS
  0
DICTIONARY
  5
C
330
0
100
AcDbDictionary
  3
ACAD_GROUP
350
D
  3
ACAD_LAYOUT
350
1A
  3
ACAD_MLINESTYLE
350
17
  3
ACAD_PLOTSETTINGS
350
19
  3
ACAD_TABLESTYLE
350
2A
  3
ACDBHEADERROUNDTRIPXREC
350
191
  3
ACDBVARIABLEDICTIONARY
350
2C
  0
DICTIONARY
  5
1B1
330
29
100
AcDbDictionary
280
     1
  3
ACAD_XREC_ROUNDTRIP
360
1B2
  0
DICTIONARY
  5
D
102
{ACAD_REACTORS
330
C
102
}
330
C
100
AcDbDictionary
  0
DICTIONARY
  5
1A
102
{ACAD_REACTORS
330
C
102
}
330
C
100
AcDbDictionary
  0
DICTIONARY
  5
17
102
{ACAD_REACTORS
330
C
102
}
330
C
100
AcDbDictionary
  3
STANDARD
350
18
  0
DICTIONARY
  5
19
102
{ACAD_REACTORS
330
C
102
}
330
C
100
AcDbDictionary
  0
DICTIONARY
  5
2A
102
{ACAD_REACTORS
330
C
102
}
330
C
100
AcDbDictionary
  3
STANDARD
350
2B
  0
DICTIONARY
  5
191
102
{ACAD_REACTORS
330
C
102
}
330
C
100
AcDbDictionary
  3
CEPSNTYPE
350
19A
  3
DIMSTYLEDATA
350
1B0
  3
FINGERPRINTGUID
350
19B
  3
HYPERLINKBASE
350
194
  3
INSUNITS
350
199
  3
LAYOUTDICT
350
196
  3
LWETCUNION
350
198
  3
PLOTSETDICT
350
197
  3
PSVPSCALE
350
19D
  3
PUCSBASE
350
1A0
  3
PUCSORGBACK
350
1A6
  3
PUCSORGBOTTOM
350
1A2
  3
PUCSORGFRONT
350
1A5
  3
PUCSORGLEFT
350
1A3
  3
PUCSORGRIGHT
350
1A4
  3
PUCSORGTOP
350
1A1
  3
PUCSORTHOREF
350
19E
  3
PUCSORTHOVIEW
350
19F
  3
STYLESHEET
350
195
  3
TSTACKALIGN
350
192
  3
TSTACKSIZE
350
193
  3
UCSBASE
350
1A9
  3
UCSORGBACK
350
1AF
  3
UCSORGBOTTOM
350
1AB
  3
UCSORGFRONT
350
1AE
  3
UCSORGLEFT
350
1AC
  3
UCSORGRIGHT
350
1AD
  3
UCSORGTOP
350
1AA
  3
UCSORTHOREF
350
1A7
  3
UCSORTHOVIEW
350
1A8
  3
VERSIONGUID
350
19C
  0
DICTIONARY
  5
2C
102
{ACAD_REACTORS
330
C
102
}
330
C
100
AcDbDictionary
  3
CTABLESTYLE
350
2D
  0
XRECORD
  5
1B2
102
{ACAD_REACTORS
330
1B1
102
}
330
1B1
100
AcDbXrecord
102
UCS
 74
     0
 71
     1
 10
0.0
 20
0.0
 30
0.0
 10
1.0
 20
0.0
 30
0.0
 10
0.0
 20
1.0
 30
0.0
146
0.0
 79
     0
102
VIEW
281
     0
  0
MLINESTYLE
  5
18
102
{ACAD_REACTORS
330
17
102
}
330
17
100
AcDbMlineStyle
  2
Standard
 70
     0
  3

 62
   256
 51
90.0
 52
90.0
 71
     2
 49
0.5
 62
   256
  6
BYLAYER
 49
-0.5
 62
   256
  6
BYLAYER
  0
TABLESTYLE
  5
2B
102
{ACAD_REACTORS
330
2A
102
}
330
2A
100
AcDbTableStyle
  3
Standard
 70
     0
 71
     0
 40
0.06
 41
0.06
280
     0
281
     0
  7
STANDARD
140
0.18
170
     2
 62
     0
 63
     7
283
     0
274
    -2
284
     1
 64
     0
275
    -2
285
     1
 65
     0
276
    -2
286
     1
 66
     0
277
    -2
287
     1
 67
     0
278
    -2
288
     1
 68
     0
279
    -2
289
     1
 69
     0
  7
STANDARD
140
0.25
170
     5
 62
     0
 63
     7
283
     0
274
    -2
284
     1
 64
     0
275
    -2
285
     1
 65
     0
276
    -2
286
     1
 66
     0
277
    -2
287
     1
 67
     0
278
    -2
288
     1
 68
     0
279
    -2
289
     1
 69
     0
  7
STANDARD
140
0.18
170
     5
 62
     0
 63
     7
283
     0
274
    -2
284
     1
 64
     0
275
    -2
285
     1
 65
     0
276
    -2
286
     1
 66
     0
277
    -2
287
     1
 67
     0
278
    -2
288
     1
 68
     0
279
    -2
289
     1
 69
     0
  0
XRECORD
  5
19A
102
{ACAD_REACTORS
330
191
102
}
330
191
100
AcDbXrecord
 90
        0
  0
XRECORD
  5
1B0
102
{ACAD_REACTORS
330
191
102
}
330
191
100
AcDbXrecord
1000
DSTYLE
1002
{
1070
   340
340
11
1002
}
  0
XRECORD
  5
19B
102
{ACAD_REACTORS
330
191
102
}
330
191
100
AcDbXrecord
  1
{FAEB1C30-E019-11D5-929B-00C0DF256EC4}
  0
XRECORD
  5
194
102
{ACAD_REACTORS
330
191
102
}
330
191
100
AcDbXrecord
  1

  0
XRECORD
  5
199
102
{ACAD_REACTORS
330
191
102
}
330
191
100
AcDbXrecord
 90
        1
  0
XRECORD
  5
196
102
{ACAD_REACTORS
330
191
102
}
330
191
100
AcDbXrecord
340
1A
  0
XRECORD
  5
198
102
{ACAD_REACTORS
330
191
102
}
330
191
100
AcDbXrecord
 90
     2560
  0
XRECORD
  5
197
102
{ACAD_REACTORS
330
191
102
}
330
191
100
AcDbXrecord
340
19
  0
XRECORD
  5
19D
102
{ACAD_REACTORS
330
191
102
}
330
191
100
AcDbXrecord
 40
0.0
  0
XRECORD
  5
1A0
102
{ACAD_REACTORS
330
191
102
}
330
191
100
AcDbXrecord
340
0
  0
XRECORD
  5
1A6
102
{ACAD_REACTORS
330
191
102
}
330
191
100
AcDbXrecord
 10
0.0
 20
0.0
 30
0.0
  0
XRECORD
  5
1A2
102
{ACAD_REACTORS
330
191
102
}
330
191
100
AcDbXrecord
 10
0.0
 20
0.0
 30
0.0
  0
XRECORD
  5
1A5
102
{ACAD_REACTORS
330
191
102
}
330
191
100
AcDbXrecord
 10
0.0
 20
0.0
 30
0.0
  0
XRECORD
  5
1A3
102
{ACAD_REACTORS
330
191
102
}
330
191
100
AcDbXrecord
 10
0.0
 20
0.0
 30
0.0
  0
XRECORD
  5
1A4
102
{ACAD_REACTORS
330
191
102
}
330
191
100
AcDbXrecord
 10
0.0
 20
0.0
 30
0.0
  0
XRECORD
  5
1A1
102
{ACAD_REACTORS
330
191
102
}
330
191
100
AcDbXrecord
 10
0.0
 20
0.0
 30
0.0
  0
XRECORD
  5
19E
102
{ACAD_REACTORS
330
191
102
}
330
191
100
AcDbXrecord
340
0
  0
XRECORD
  5
19F
102
{ACAD_REACTORS
330
191
102
}
330
191
100
AcDbXrecord
 70
     0
  0
XRECORD
  5
195
102
{ACAD_REACTORS
330
191
102
}
330
191
100
AcDbXrecord
  1

  0
XRECORD
  5
192
102
{ACAD_REACTORS
330
191
102
}
330
191
100
AcDbXrecord
 90
        1
  0
XRECORD
  5
193
102
{ACAD_REACTORS
330
191
102
}
330
191
100
AcDbXrecord
 90
       70
  0
XRECORD
  5
1A9
102
{ACAD_REACTORS
330
191
102
}
330
191
100
AcDbXrecord
340
0
  0
XRECORD
  5
1AF
102
{ACAD_REACTORS
330
191
102
}
330
191
100
AcDbXrecord
 10
0.0
 20
0.0
 30
0.0
  0
XRECORD
  5
1AB
102
{ACAD_REACTORS
330
191
102
}
330
191
100
AcDbXrecord
 10
0.0
 20
0.0
 30
0.0
  0
XRECORD
  5
1AE
102
{ACAD_REACTORS
330
191
102
}
330
191
100
AcDbXrecord
 10
0.0
 20
0.0
 30
0.0
  0
XRECORD
  5
1AC
102
{ACAD_REACTORS
330
191
102
}
330
191
100
AcDbXrecord
 10
0.0
 20
0.0
 30
0.0
  0
XRECORD
  5
1AD
102
{ACAD_REACTORS
330
191
102
}
330
191
100
AcDbXrecord
 10
0.0
 20
0.0
 30
0.0
  0
XRECORD
  5
1AA
102
{ACAD_REACTORS
330
191
102
}
330
191
100
AcDbXrecord
 10
0.0
 20
0.0
 30
0.0
  0
XRECORD
  5
1A7
102
{ACAD_REACTORS
330
191
102
}
330
191
100
AcDbXrecord
340
0
  0
XRECORD
  5
1A8
102
{ACAD_REACTORS
330
191
102
}
330
191
100
AcDbXrecord
 70
     0
  0
XRECORD
  5
19C
102
{ACAD_REACTORS
330
191
102
}
330
191
100
AcDbXrecord
  1
{FAEB1C32-E019-11D5-929B-00C0DF256EC4}
  0
DICTIONARYVAR
  5
2D
102
{ACAD_REACTORS
330
2C
102
}
330
2C
100
DictionaryVariables
280
     0
  1
Standard
  0
ENDSEC
  0
EOF
